Core	CPU	Avg_MHz	Busy%	Bzy_MHz	TSC_MHz	CoreTmp	CoreThr	PkgTmp
-	-	1440	44.77	3227	3675	72	0	71
0	0	1991	50.93	3909	3686	70	0	71
4	1	1962	50.22	3907	3686	68	0
8	6	1059	34.80	3045	3686	70	0
9	7	1099	35.71	3079	3686	70	0
10	8	1061	34.82	3047	3686	72	0
11	9	1129	36.43	3100	3686	72	0
12	10	1079	35.91	3005	3686	68	0
13	11	1086	35.86	3028	3686	68	0
14	12	1068	35.61	2998	3686	68	0
15	13	1055	35.11	3005	3686	68	0
16	2	2000	51.00	3921	3686	72	0
20	3	1991	50.88	3914	3686	72	0
24	4	1971	50.41	3910	3686	70	0
28	5	1977	50.54	3912	3686	72	0
32	14	1248	61.80	2020	3686	62	0
33	15	1338	66.16	2022	3686	62	0
Core	CPU	Avg_MHz	Busy%	Bzy_MHz	TSC_MHz	CoreTmp	CoreThr	PkgTmp
-	-	2071	64.03	3232	3689	70	0	73
0	0	2922	74.17	3939	3686	70	0	73
4	1	2923	74.33	3932	3686	68	0
8	6	1551	50.74	3057	3686	70	0
9	7	1526	50.07	3048	3686	70	0
10	8	1517	49.82	3045	3686	70	0
11	9	1479	48.57	3045	3686	70	0
12	10	1540	50.71	3037	3686	68	0
13	11	1580	51.84	3048	3686	68	0
14	12	1507	49.78	3027	3686	66	0
15	13	1512	49.94	3028	3686	66	0
16	2	2778	71.03	3912	3686	70	0
20	3	2875	73.29	3923	3686	68	0
24	4	2835	72.41	3914	3686	70	0
28	5	2820	72.09	3912	3686	68	0
32	14	1812	89.82	2017	3686	62	0
33	15	1934	95.93	2016	3686	62	0
Core	CPU	Avg_MHz	Busy%	Bzy_MHz	TSC_MHz	CoreTmp	CoreThr	PkgTmp
-	-	2062	64.90	3194	3666	70	0	71
0	0	2880	73.73	3907	3686	68	0	71
4	1	2851	73.03	3903	3686	68	0
8	6	1582	52.97	2987	3686	68	0
9	7	1522	51.24	2970	3686	68	0
10	8	1485	50.21	2957	3686	68	0
11	9	1534	51.58	2973	3686	68	0
12	10	1537	51.96	2959	3686	66	0
13	11	1550	52.33	2962	3686	68	0
14	12	1519	51.46	2952	3686	70	0
15	13	1576	53.01	2973	3686	70	0
16	2	2814	72.23	3896	3686	70	0
20	3	2890	74.08	3901	3686	70	0
24	4	2910	74.58	3901	3686	70	0
28	5	2819	72.44	3891	3686	70	0
32	14	1826	90.58	2016	3686	62	0
33	15	1860	92.33	2015	3686	62	0
Core	CPU	Avg_MHz	Busy%	Bzy_MHz	TSC_MHz	CoreTmp	CoreThr	PkgTmp
-	-	2086	63.83	3249	3708	74	0	73
0	0	2938	74.48	3945	3686	70	0	73
4	1	2893	73.54	3935	3686	68	0
8	6	1557	50.32	3094	3686	74	0
9	7	1534	49.78	3082	3686	74	0
10	8	1509	49.00	3080	3686	74	0
11	9	1542	49.97	3087	3686	74	0
12	10	1542	49.72	3101	3686	72	0
13	11	1539	49.74	3094	3686	72	0
14	12	1526	49.37	3091	3686	72	0
15	13	1511	48.83	3095	3686	72	0
16	2	2818	71.96	3916	3686	72	0
20	3	2843	72.45	3924	3686	72	0
24	4	2858	72.78	3926	3686	70	0
28	5	2821	71.81	3929	3686	70	0
32	14	1833	91.80	1997	3686	62	0
33	15	1926	96.18	2002	3686	62	0
Core	CPU	Avg_MHz	Busy%	Bzy_MHz	TSC_MHz	CoreTmp	CoreThr	PkgTmp
-	-	2076	63.53	3264	3690	72	0	72
0	0	2820	71.92	3922	3686	72	0	72
4	1	2928	74.28	3942	3686	68	0
8	6	1520	47.97	3169	3686	70	0
9	7	1510	47.45	3181	3686	70	0
10	8	1518	47.82	3174	3686	70	0
11	9	1515	47.82	3169	3686	70	0
12	10	1521	49.76	3056	3686	68	0
13	11	1513	49.53	3054	3686	68	0
14	12	1583	51.57	3070	3686	68	0
15	13	1534	50.10	3061	3686	68	0
16	2	2804	71.63	3914	3686	70	0
20	3	2860	72.83	3927	3686	68	0
24	4	2865	73.02	3924	3686	68	0
28	5	2876	73.17	3931	3686	70	0
32	14	1859	91.64	2029	3686	62	0
33	15	1959	96.31	2034	3686	62	0
Core	CPU	Avg_MHz	Busy%	Bzy_MHz	TSC_MHz	CoreTmp	CoreThr	PkgTmp
-	-	2044	64.08	3198	3678	74	0	71
0	0	2862	72.71	3937	3686	70	0	71
4	1	2804	71.45	3925	3686	70	0
8	6	1533	51.33	2986	3686	72	0
9	7	1547	51.80	2987	3686	72	0
10	8	1495	50.29	2972	3686	74	0
11	9	1541	51.59	2986	3686	74	0
12	10	1518	50.59	3001	3686	72	0
13	11	1515	50.41	3005	3686	72	0
14	12	1521	50.61	3005	3686	72	0
15	13	1518	50.54	3004	3686	72	0
16	2	2697	69.01	3908	3686	74	0
20	3	2843	72.33	3931	3686	72	0
24	4	2825	71.89	3929	3686	72	0
28	5	2827	72.13	3919	3686	72	0
32	14	1841	92.84	1984	3686	62	0
33	15	1897	95.54	1986	3686	62	0
Core	CPU	Avg_MHz	Busy%	Bzy_MHz	TSC_MHz	CoreTmp	CoreThr	PkgTmp
-	-	2044	62.44	3259	3702	74	0	72
0	0	2847	72.18	3945	3686	68	0	72
4	1	2839	71.62	3963	3686	66	0
8	6	1510	47.99	3147	3686	74	0
9	7	1568	49.35	3178	3686	72	0
10	8	1465	46.71	3135	3686	72	0
11	9	1504	47.84	3145	3686	72	0
12	10	1512	49.69	3043	3686	66	0
13	11	1503	49.41	3041	3686	66	0
14	12	1492	49.30	3025	3686	66	0
15	13	1539	50.50	3047	3686	66	0
16	2	2759	69.91	3946	3686	68	0
20	3	2772	70.27	3945	3686	66	0
24	4	2727	69.13	3945	3686	66	0
28	5	2812	71.13	3953	3686	68	0
32	14	1813	90.12	2011	3686	61	0
33	15	1901	94.21	2017	3686	61	0
