Core	CPU	Avg_MHz	Busy%	Bzy_MHz	TSC_MHz	CoreTmp	CoreThr	PkgTmp
-	-	1214	36.88	3295	3681	74	0	72
0	0	1218	32.48	3749	3686	70	0	72
4	1	1135	30.74	3693	3686	68	0
8	6	1170	33.52	3490	3686	74	0
9	7	1193	34.03	3505	3686	74	0
10	8	1178	33.79	3487	3686	74	0
11	9	1146	32.89	3486	3686	74	0
12	10	1155	33.05	3496	3686	70	0
13	11	1198	34.11	3511	3686	70	0
14	12	1165	33.12	3517	3686	70	0
15	13	1235	35.09	3518	3686	70	0
16	2	1352	35.34	3826	3686	68	0
20	3	1074	29.25	3672	3686	66	0
24	4	1115	30.16	3698	3686	66	0
28	5	1123	30.44	3688	3686	66	0
32	14	1472	65.18	2259	3686	62	0
33	15	1515	66.92	2264	3686	62	0
Core	CPU	Avg_MHz	Busy%	Bzy_MHz	TSC_MHz	CoreTmp	CoreThr	PkgTmp
-	-	1703	52.72	3235	3681	72	0	67
0	0	1757	46.50	3778	3686	66	0	67
4	1	1699	45.24	3755	3686	64	0
8	6	1630	49.06	3324	3686	70	0
9	7	1675	50.20	3337	3686	72	0
10	8	1682	50.34	3342	3686	72	0
11	9	1603	47.98	3341	3686	70	0
12	10	1678	49.25	3406	3686	72	0
13	11	1645	48.07	3421	3686	72	0
14	12	1652	48.41	3412	3686	72	0
15	13	1662	48.76	3408	3686	72	0
16	2	1601	42.97	3727	3686	68	0
20	3	1560	42.23	3693	3686	68	0
24	4	1610	43.40	3710	3686	66	0
28	5	1542	41.93	3677	3686	68	0
32	14	2161	95.04	2273	3686	62	0
33	15	2136	94.07	2271	3686	62	0
Core	CPU	Avg_MHz	Busy%	Bzy_MHz	TSC_MHz	CoreTmp	CoreThr	PkgTmp
-	-	1712	52.23	3275	3690	72	0	71
0	0	1682	44.52	3779	3686	70	0	71
4	1	1600	42.91	3729	3686	68	0
8	6	1705	49.34	3455	3686	72	0
9	7	1695	49.08	3453	3686	72	0
10	8	1681	48.72	3451	3686	72	0
11	9	1675	48.66	3443	3686	72	0
12	10	1694	48.45	3497	3686	72	0
13	11	1675	48.01	3488	3686	72	0
14	12	1675	47.96	3493	3686	72	0
15	13	1657	47.52	3486	3686	70	0
16	2	1575	42.48	3707	3686	68	0
20	3	1537	41.68	3688	3686	66	0
24	4	1563	42.24	3700	3686	66	0
28	5	1623	43.76	3709	3686	68	0
32	14	2207	96.88	2278	3686	62	0
33	15	2125	93.56	2271	3686	62	0
Core	CPU	Avg_MHz	Busy%	Bzy_MHz	TSC_MHz	CoreTmp	CoreThr	PkgTmp
-	-	1699	52.62	3225	3690	72	0	67
0	0	1707	45.53	3750	3686	68	0	67
4	1	1688	44.57	3787	3686	68	0
8	6	1662	49.75	3341	3686	70	0
9	7	1670	49.99	3340	3686	70	0
10	8	1669	50.06	3333	3686	70	0
11	9	1638	49.02	3341	3686	72	0
12	10	1656	49.10	3374	3686	72	0
13	11	1674	49.47	3383	3686	72	0
14	12	1667	49.42	3372	3686	72	0
15	13	1663	49.33	3371	3686	72	0
16	2	1546	42.09	3674	3686	68	0
20	3	1547	42.04	3681	3686	66	0
24	4	1574	42.71	3685	3686	66	0
28	5	1544	42.04	3674	3686	66	0
32	14	2097	92.29	2272	3686	62	0
33	15	2148	94.47	2274	3686	62	0
Core	CPU	Avg_MHz	Busy%	Bzy_MHz	TSC_MHz	CoreTmp	CoreThr	PkgTmp
-	-	1699	52.43	3236	3690	68	0	71
0	0	1667	44.82	3718	3686	68	0	71
4	1	1754	46.22	3795	3686	66	0
8	6	1618	47.53	3404	3686	68	0
9	7	1662	48.87	3401	3686	68	0
10	8	1648	48.57	3392	3686	68	0
11	9	1643	48.46	3391	3686	68	0
12	10	1669	49.09	3399	3686	66	0
13	11	1620	47.83	3387	3686	66	0
14	12	1645	48.58	3386	3686	66	0
15	13	1648	48.61	3390	3686	66	0
16	2	1592	43.34	3672	3686	68	0
20	3	1571	42.88	3664	3686	66	0
24	4	1596	43.64	3657	3686	66	0
28	5	1528	41.88	3649	3686	66	0
32	14	2088	92.03	2268	3686	63	0
33	15	2202	96.68	2278	3686	63	0
Core	CPU	Avg_MHz	Busy%	Bzy_MHz	TSC_MHz	CoreTmp	CoreThr	PkgTmp
-	-	1704	52.85	3232	3678	72	0	69
0	0	1736	46.50	3733	3686	70	0	69
4	1	1716	45.16	3800	3686	68	0
8	6	1630	48.33	3374	3686	70	0
9	7	1640	48.66	3371	3686	70	0
10	8	1677	49.81	3368	3686	72	0
11	9	1672	49.62	3369	3686	72	0
12	10	1665	49.40	3370	3686	72	0
13	11	1676	49.53	3384	3686	72	0
14	12	1683	49.81	3379	3686	72	0
15	13	1680	49.77	3376	3686	72	0
16	2	1554	42.34	3671	3686	68	0
20	3	1553	42.43	3660	3686	68	0
24	4	1617	43.86	3687	3686	66	0
28	5	1580	43.10	3666	3686	66	0
32	14	2111	92.87	2273	3686	62	0
33	15	2139	94.28	2269	3686	62	0
Core	CPU	Avg_MHz	Busy%	Bzy_MHz	TSC_MHz	CoreTmp	CoreThr	PkgTmp
-	-	1633	49.09	3270	3751	70	0	72
0	0	1671	45.06	3707	3686	66	0	72
4	1	1756	46.22	3800	3686	70	0
8	6	1573	46.13	3409	3686	66	0
9	7	1600	47.60	3361	3686	66	0
10	8	1577	47.15	3345	3686	66	0
11	9	1551	46.44	3341	3686	66	0
12	10	1533	44.00	3484	3686	66	0
13	11	1532	44.06	3477	3686	66	0
14	12	1534	44.07	3480	3686	66	0
15	13	1519	43.83	3466	3686	66	0
16	2	1416	38.89	3643	3686	66	0
20	3	1429	39.60	3610	3686	64	0
24	4	1444	39.89	3620	3686	64	0
28	5	1508	41.59	3627	3686	64	0
32	14	1919	81.51	2354	3686	61	0
33	15	2125	90.44	2349	3686	61	0
