Core	CPU	Avg_MHz	Busy%	Bzy_MHz	TSC_MHz	CoreTmp	CoreThr	PkgTmp
-	-	1186	36.02	3298	3681	68	0	67
0	0	1230	32.34	3802	3686	66	0	67
4	1	1113	29.48	3775	3686	64	0
8	6	1168	33.69	3467	3686	68	0
9	7	1157	33.45	3459	3686	68	0
10	8	1167	33.72	3460	3686	68	0
11	9	1064	30.49	3488	3686	68	0
12	10	1206	34.41	3507	3686	68	0
13	11	1168	33.53	3482	3686	68	0
14	12	1190	34.07	3493	3686	68	0
15	13	1148	33.06	3473	3686	68	0
16	2	1086	29.11	3730	3686	66	0
20	3	1194	31.23	3823	3686	64	0
24	4	1129	30.29	3727	3686	62	0
28	5	1088	29.09	3739	3686	62	0
32	14	1437	63.64	2259	3686	58	0
33	15	1461	64.62	2261	3686	58	0
Core	CPU	Avg_MHz	Busy%	Bzy_MHz	TSC_MHz	CoreTmp	CoreThr	PkgTmp
-	-	1691	52.02	3260	3676	68	0	64
0	0	1647	43.88	3754	3686	64	0	64
4	1	1571	42.60	3687	3686	64	0
8	6	1663	48.52	3428	3686	66	0
9	7	1609	47.00	3424	3686	66	0
10	8	1663	48.51	3428	3686	68	0
11	9	1661	48.52	3423	3686	68	0
12	10	1689	48.96	3450	3686	68	0
13	11	1671	48.60	3437	3686	68	0
14	12	1665	48.41	3438	3686	68	0
15	13	1687	48.94	3446	3686	68	0
16	2	1588	42.93	3698	3686	64	0
20	3	1657	44.01	3764	3686	64	0
24	4	1559	42.04	3707	3686	62	0
28	5	1544	41.92	3682	3686	62	0
32	14	2057	90.45	2274	3686	59	0
33	15	2206	96.75	2280	3686	59	0
Core	CPU	Avg_MHz	Busy%	Bzy_MHz	TSC_MHz	CoreTmp	CoreThr	PkgTmp
-	-	1716	52.25	3277	3695	70	0	68
0	0	1693	45.37	3730	3686	68	0	68
4	1	1739	45.36	3834	3686	64	0
8	6	1692	48.86	3463	3686	70	0
9	7	1697	48.93	3468	3686	68	0
10	8	1647	47.61	3459	3686	68	0
11	9	1670	48.33	3456	3686	68	0
12	10	1688	48.96	3448	3686	66	0
13	11	1660	48.16	3446	3686	66	0
14	12	1684	48.84	3448	3686	64	0
15	13	1685	49.01	3439	3686	64	0
16	2	1555	42.21	3683	3686	64	0
20	3	1587	42.95	3695	3686	64	0
24	4	1581	42.89	3685	3686	62	0
28	5	1570	42.65	3680	3686	64	0
32	14	2046	89.71	2281	3686	59	0
33	15	2204	96.41	2286	3686	59	0
Core	CPU	Avg_MHz	Busy%	Bzy_MHz	TSC_MHz	CoreTmp	CoreThr	PkgTmp
-	-	1711	52.77	3243	3685	70	0	67
0	0	1708	45.51	3754	3686	68	0	67
4	1	1627	43.47	3742	3686	64	0
8	6	1680	49.27	3409	3686	68	0
9	7	1658	48.71	3404	3686	68	0
10	8	1651	48.42	3409	3686	68	0
11	9	1679	49.20	3412	3686	70	0
12	10	1676	49.75	3368	3686	68	0
13	11	1688	50.05	3373	3686	68	0
14	12	1692	50.18	3372	3686	68	0
15	13	1690	50.07	3374	3686	68	0
16	2	1568	42.55	3684	3686	64	0
20	3	1621	43.52	3726	3686	62	0
24	4	1541	41.85	3681	3686	62	0
28	5	1593	43.20	3687	3686	64	0
32	14	2091	91.60	2283	3686	59	0
33	15	2217	96.91	2288	3686	60	0
Core	CPU	Avg_MHz	Busy%	Bzy_MHz	TSC_MHz	CoreTmp	CoreThr	PkgTmp
-	-	1690	51.72	3265	3690	66	0	68
0	0	1648	44.16	3731	3686	66	0	68
4	1	1713	45.10	3797	3686	64	0
8	6	1644	47.25	3478	3686	66	0
9	7	1652	47.49	3479	3686	66	0
10	8	1651	47.41	3482	3686	64	0
11	9	1601	46.07	3474	3686	64	0
12	10	1675	49.18	3406	3686	64	0
13	11	1677	49.19	3410	3686	64	0
14	12	1658	48.37	3427	3686	64	0
15	13	1656	48.68	3402	3686	64	0
16	2	1549	41.91	3696	3686	64	0
20	3	1591	42.77	3720	3686	62	0
24	4	1574	42.54	3699	3686	62	0
28	5	1538	41.62	3696	3686	64	0
32	14	2012	89.37	2251	3686	59	0
33	15	2182	96.48	2261	3686	60	0
Core	CPU	Avg_MHz	Busy%	Bzy_MHz	TSC_MHz	CoreTmp	CoreThr	PkgTmp
-	-	1706	51.70	3303	3682	70	0	68
0	0	1643	43.97	3736	3686	68	0	68
4	1	1720	45.17	3808	3686	66	0
8	6	1665	47.51	3505	3686	68	0
9	7	1684	48.13	3500	3686	68	0
10	8	1647	47.09	3498	3686	68	0
11	9	1682	48.06	3500	3686	68	0
12	10	1707	48.87	3493	3686	70	0
13	11	1689	48.55	3480	3686	68	0
14	12	1682	48.25	3485	3686	66	0
15	13	1681	48.30	3481	3686	66	0
16	2	1549	41.88	3698	3686	64	0
20	3	1629	43.87	3714	3686	62	0
24	4	1653	43.75	3777	3686	64	0
28	5	1544	41.84	3690	3686	64	0
32	14	1987	87.30	2276	3686	60	0
33	15	2162	94.63	2285	3686	59	0
Core	CPU	Avg_MHz	Busy%	Bzy_MHz	TSC_MHz	CoreTmp	CoreThr	PkgTmp
-	-	1548	45.78	3335	3737	64	0	69
0	0	1544	41.15	3753	3686	64	0	69
4	1	1535	40.55	3785	3686	60	0
8	6	1448	40.73	3555	3686	62	0
9	7	1480	41.55	3563	3686	62	0
10	8	1469	41.21	3565	3686	62	0
11	9	1484	41.72	3558	3686	62	0
12	10	1443	40.76	3541	3686	62	0
13	11	1482	41.48	3574	3686	62	0
14	12	1488	41.86	3554	3686	62	0
15	13	1518	42.49	3573	3686	62	0
16	2	1349	36.59	3688	3686	64	0
20	3	1393	37.74	3691	3686	62	0
24	4	1714	43.96	3899	3686	64	0
28	5	1344	36.38	3694	3686	62	0
32	14	1705	75.32	2263	3686	57	0
33	15	2038	89.76	2270	3686	57	0
