Core	CPU	Avg_MHz	Busy%	Bzy_MHz	TSC_MHz	CoreTmp	CoreThr	PkgTmp
-	-	1487	45.77	3260	3673	72	0	71
0	0	2077	52.87	3929	3686	70	0	71
4	1	2044	51.93	3936	3686	68	0
8	6	1077	35.03	3075	3686	72	0
9	7	1094	35.56	3075	3686	70	0
10	8	1093	35.48	3079	3686	70	0
11	9	1083	35.20	3078	3686	70	0
12	10	1096	36.16	3032	3686	68	0
13	11	1113	36.59	3041	3686	68	0
14	12	1173	37.90	3095	3686	68	0
15	13	1176	38.36	3066	3686	68	0
16	2	2069	52.59	3933	3686	70	0
20	3	2035	51.75	3933	3686	70	0
24	4	2048	52.09	3931	3686	70	0
28	5	2013	51.30	3923	3686	68	0
32	14	1359	65.52	2075	3686	61	0
33	15	1320	63.77	2071	3686	61	0
Core	CPU	Avg_MHz	Busy%	Bzy_MHz	TSC_MHz	CoreTmp	CoreThr	PkgTmp
-	-	2089	65.65	3186	3682	72	0	69
0	0	2909	74.41	3909	3686	68	0	69
4	1	2886	73.75	3913	3686	68	0
8	6	1542	52.51	2936	3686	72	0
9	7	1532	52.22	2934	3686	72	0
10	8	1534	52.30	2933	3686	72	0
11	9	1592	53.89	2954	3686	72	0
12	10	1571	53.20	2952	3686	70	0
13	11	1494	50.76	2943	3686	70	0
14	12	1537	52.27	2941	3686	70	0
15	13	1536	52.20	2942	3686	70	0
16	2	2890	74.06	3902	3686	70	0
20	3	2886	73.92	3905	3686	68	0
24	4	2878	73.78	3901	3686	70	0
28	5	2870	73.48	3906	3686	70	0
32	14	1884	92.59	2035	3686	61	0
33	15	1938	95.23	2035	3686	61	0
Core	CPU	Avg_MHz	Busy%	Bzy_MHz	TSC_MHz	CoreTmp	CoreThr	PkgTmp
-	-	2072	65.29	3172	3687	72	0	68
0	0	2865	73.40	3903	3686	68	0	68
4	1	2853	72.87	3915	3686	68	0
8	6	1525	52.05	2929	3686	72	0
9	7	1526	52.02	2933	3686	72	0
10	8	1572	53.41	2943	3686	72	0
11	9	1561	53.09	2941	3686	72	0
12	10	1651	55.85	2956	3686	70	0
13	11	1512	51.72	2924	3686	70	0
14	12	1504	51.57	2917	3686	70	0
15	13	1534	52.47	2925	3686	70	0
16	2	2826	72.40	3904	3686	72	0
20	3	2842	72.76	3906	3686	70	0
24	4	2770	71.04	3899	3686	72	0
28	5	2830	72.47	3906	3686	72	0
32	14	1836	91.61	2005	3686	61	0
33	15	1921	95.79	2006	3686	61	0
Core	CPU	Avg_MHz	Busy%	Bzy_MHz	TSC_MHz	CoreTmp	CoreThr	PkgTmp
-	-	2056	64.44	3188	3690	74	0	69
0	0	2869	73.09	3925	3686	68	0	69
4	1	2847	72.64	3919	3686	68	0
8	6	1529	51.12	2990	3686	70	0
9	7	1572	52.26	3008	3686	72	0
10	8	1532	51.21	2991	3686	72	0
11	9	1485	49.77	2984	3686	74	0
12	10	1465	50.03	2928	3686	70	0
13	11	1516	51.49	2944	3686	70	0
14	12	1526	51.74	2949	3686	70	0
15	13	1521	51.41	2960	3686	70	0
16	2	2870	73.16	3923	3686	72	0
20	3	2805	71.80	3907	3686	70	0
24	4	2758	70.66	3903	3686	72	0
28	5	2840	72.52	3916	3686	72	0
32	14	1827	92.02	1985	3686	61	0
33	15	1917	96.28	1991	3686	61	0
Core	CPU	Avg_MHz	Busy%	Bzy_MHz	TSC_MHz	CoreTmp	CoreThr	PkgTmp
-	-	2079	65.16	3181	3697	74	0	73
0	0	2920	74.42	3923	3686	72	0	73
4	1	2904	73.79	3935	3686	68	0
8	6	1494	50.47	2960	3686	70	0
9	7	1526	51.62	2956	3686	70	0
10	8	1518	51.22	2963	3686	70	0
11	9	1500	50.90	2946	3686	70	0
12	10	1563	53.94	2897	3686	70	0
13	11	1560	53.84	2897	3686	70	0
14	12	1525	52.86	2885	3686	70	0
15	13	1536	53.12	2893	3686	70	0
16	2	2883	73.55	3919	3686	74	0
20	3	2876	73.53	3912	3686	70	0
24	4	2835	72.60	3905	3686	70	0
28	5	2767	70.98	3898	3686	70	0
32	14	1851	91.48	2024	3686	61	0
33	15	1906	94.33	2020	3686	61	0
Core	CPU	Avg_MHz	Busy%	Bzy_MHz	TSC_MHz	CoreTmp	CoreThr	PkgTmp
-	-	2041	64.47	3168	3685	74	0	72
0	0	2876	73.04	3938	3686	70	0	72
4	1	2786	70.83	3933	3686	68	0
8	6	1480	51.68	2864	3686	72	0
9	7	1545	53.30	2899	3686	72	0
10	8	1611	55.26	2915	3686	72	0
11	9	1536	53.22	2886	3686	70	0
12	10	1553	52.29	2970	3686	66	0
13	11	1496	50.72	2950	3686	68	0
14	12	1529	51.62	2963	3686	68	0
15	13	1460	49.53	2949	3686	68	0
16	2	2794	71.17	3925	3686	74	0
20	3	2810	71.49	3930	3686	72	0
24	4	2712	69.28	3915	3686	70	0
28	5	2769	70.57	3924	3686	68	0
32	14	1838	92.65	1984	3686	62	0
33	15	1885	94.94	1986	3686	62	0
Core	CPU	Avg_MHz	Busy%	Bzy_MHz	TSC_MHz	CoreTmp	CoreThr	PkgTmp
-	-	2036	63.97	3177	3693	68	0	69
0	0	2804	72.04	3893	3686	68	0	69
4	1	2781	71.56	3887	3686	66	0
8	6	1520	51.89	2930	3686	66	0
9	7	1497	51.21	2923	3686	66	0
10	8	1488	50.85	2926	3686	66	0
11	9	1449	49.54	2926	3686	66	0
12	10	1527	51.66	2955	3686	66	0
13	11	1491	50.54	2950	3686	66	0
14	12	1612	53.82	2995	3686	66	0
15	13	1544	52.06	2965	3686	66	0
16	2	2776	71.50	3882	3686	68	0
20	3	2813	72.35	3888	3686	66	0
24	4	2786	71.73	3884	3686	66	0
28	5	2733	70.34	3885	3686	66	0
32	14	1806	89.05	2028	3686	60	0
33	15	1893	93.37	2027	3686	60	0
