Core	CPU	Avg_MHz	Busy%	Bzy_MHz	TSC_MHz	CoreTmp	CoreThr	PkgTmp
-	-	1470	44.96	3298	3656	70	0	68
0	0	2057	52.04	3953	3686	66	0	68
4	1	2049	51.81	3955	3686	66	0
8	6	1085	34.04	3187	3686	70	0
9	7	1082	34.00	3183	3686	70	0
10	8	1084	34.06	3184	3686	70	0
11	9	1095	34.32	3190	3686	70	0
12	10	1083	35.00	3096	3686	70	0
13	11	1110	35.67	3111	3686	70	0
14	12	1181	37.30	3167	3686	70	0
15	13	1096	35.29	3106	3686	70	0
16	2	2040	51.64	3951	3686	70	0
20	3	2016	51.03	3951	3686	68	0
24	4	2021	51.15	3952	3686	68	0
28	5	2036	51.49	3953	3686	68	0
32	14	1320	64.01	2062	3686	59	0
33	15	1362	66.11	2061	3686	59	0
Core	CPU	Avg_MHz	Busy%	Bzy_MHz	TSC_MHz	CoreTmp	CoreThr	PkgTmp
-	-	2086	64.51	3218	3703	70	0	69
0	0	2894	73.46	3940	3686	68	0	69
4	1	2893	73.51	3936	3686	66	0
8	6	1536	50.66	3031	3686	70	0
9	7	1507	49.77	3028	3686	70	0
10	8	1520	50.28	3023	3686	70	0
11	9	1512	50.05	3020	3686	68	0
12	10	1554	52.62	2953	3686	68	0
13	11	1573	52.82	2977	3686	70	0
14	12	1552	52.51	2955	3686	70	0
15	13	1511	51.25	2949	3686	70	0
16	2	2891	73.47	3935	3686	70	0
20	3	2862	72.91	3925	3686	68	0
24	4	2874	73.13	3930	3686	70	0
28	5	2803	71.46	3922	3686	70	0
32	14	1854	91.44	2027	3686	60	0
33	15	1888	93.06	2029	3686	60	0
Core	CPU	Avg_MHz	Busy%	Bzy_MHz	TSC_MHz	CoreTmp	CoreThr	PkgTmp
-	-	2080	65.29	3179	3695	72	0	71
0	0	2954	75.27	3925	3686	70	0	71
4	1	2896	73.80	3924	3686	68	0
8	6	1543	53.22	2899	3686	66	0
9	7	1535	53.00	2895	3686	66	0
10	8	1536	52.99	2898	3686	66	0
11	9	1575	54.00	2916	3686	66	0
12	10	1504	51.19	2938	3686	68	0
13	11	1512	51.48	2938	3686	68	0
14	12	1507	51.29	2938	3686	68	0
15	13	1520	51.67	2941	3686	68	0
16	2	2866	73.29	3910	3686	72	0
20	3	2836	72.45	3914	3686	68	0
24	4	2874	73.40	3915	3686	68	0
28	5	2810	71.84	3912	3686	68	0
32	14	1846	91.78	2011	3686	60	0
33	15	1893	94.10	2012	3686	60	0
Core	CPU	Avg_MHz	Busy%	Bzy_MHz	TSC_MHz	CoreTmp	CoreThr	PkgTmp
-	-	2102	66.08	3187	3679	70	0	68
0	0	2903	74.32	3906	3686	68	0	68
4	1	2905	74.18	3916	3686	66	0
8	6	1546	52.50	2945	3686	70	0
9	7	1590	54.08	2940	3686	70	0
10	8	1544	52.82	2923	3686	70	0
11	9	1567	53.53	2927	3686	70	0
12	10	1608	54.29	2962	3686	68	0
13	11	1537	52.33	2937	3686	68	0
14	12	1550	52.71	2942	3686	66	0
15	13	1570	53.25	2949	3686	66	0
16	2	2898	74.00	3917	3686	70	0
20	3	2916	74.57	3911	3686	70	0
24	4	2837	72.60	3907	3686	70	0
28	5	2886	73.91	3905	3686	70	0
32	14	1905	93.22	2043	3686	61	0
33	15	1938	94.92	2041	3686	61	0
Core	CPU	Avg_MHz	Busy%	Bzy_MHz	TSC_MHz	CoreTmp	CoreThr	PkgTmp
-	-	2069	65.52	3179	3662	70	0	68
0	0	2918	74.20	3932	3686	66	0	68
4	1	2900	73.93	3923	3686	66	0
8	6	1589	55.53	2861	3686	66	0
9	7	1544	54.20	2849	3686	66	0
10	8	1554	54.45	2854	3686	66	0
11	9	1545	54.10	2855	3686	66	0
12	10	1479	49.59	2982	3686	64	0
13	11	1514	50.74	2985	3686	66	0
14	12	1446	48.78	2964	3686	66	0
15	13	1525	51.04	2987	3686	68	0
16	2	2856	72.81	3923	3686	70	0
20	3	2887	73.68	3919	3686	68	0
24	4	2860	73.09	3913	3686	70	0
28	5	2881	73.46	3921	3686	70	0
32	14	1901	93.81	2027	3686	61	0
33	15	1904	94.08	2023	3686	61	0
Core	CPU	Avg_MHz	Busy%	Bzy_MHz	TSC_MHz	CoreTmp	CoreThr	PkgTmp
-	-	2118	65.16	3226	3715	70	0	72
0	0	2920	74.57	3916	3686	70	0	72
4	1	2903	74.32	3906	3686	68	0
8	6	1649	54.28	3038	3686	70	0
9	7	1578	52.31	3016	3686	70	0
10	8	1549	51.37	3016	3686	70	0
11	9	1579	52.35	3016	3686	70	0
12	10	1579	51.54	3063	3686	66	0
13	11	1534	50.17	3058	3686	66	0
14	12	1557	50.89	3060	3686	68	0
15	13	1552	50.72	3059	3686	68	0
16	2	2878	73.64	3908	3686	70	0
20	3	2908	74.31	3913	3686	68	0
24	4	2871	73.45	3909	3686	68	0
28	5	2816	72.21	3899	3686	68	0
32	14	1845	91.53	2016	3686	60	0
33	15	1933	95.77	2018	3686	60	0
Core	CPU	Avg_MHz	Busy%	Bzy_MHz	TSC_MHz	CoreTmp	CoreThr	PkgTmp
-	-	2033	62.67	3233	3699	72	0	71
0	0	2788	71.01	3927	3686	66	0	71
4	1	2798	71.43	3917	3686	64	0
8	6	1460	47.71	3060	3686	72	0
9	7	1629	52.65	3095	3686	70	0
10	8	1480	48.36	3060	3686	70	0
11	9	1454	47.79	3042	3686	70	0
12	10	1673	54.42	3074	3686	64	0
13	11	1569	51.49	3047	3686	64	0
14	12	1605	52.50	3058	3686	64	0
15	13	1535	50.51	3039	3686	64	0
16	2	2696	69.11	3902	3686	66	0
20	3	2752	70.35	3912	3686	66	0
24	4	2735	69.86	3915	3686	66	0
28	5	2726	69.99	3896	3686	66	0
32	14	1733	86.53	2003	3686	59	0
33	15	1786	89.15	2003	3686	59	0
