Core	CPU	Avg_MHz	Busy%	Bzy_MHz	TSC_MHz	CoreTmp	CoreThr	PkgTmp
-	-	1455	44.12	3297	3688	68	0	70
0	0	2040	51.51	3960	3686	68	0	70
4	1	2010	50.59	3974	3686	66	0
8	6	1121	35.44	3163	3686	66	0
9	7	1054	34.04	3096	3686	66	0
10	8	1062	34.30	3098	3686	66	0
11	9	1071	34.59	3096	3686	66	0
12	10	1058	33.65	3144	3686	66	0
13	11	1082	34.30	3156	3686	66	0
14	12	1110	35.05	3167	3686	66	0
15	13	1058	33.65	3143	3686	66	0
16	2	1968	49.56	3972	3686	68	0
20	3	1990	50.08	3973	3686	68	0
24	4	2021	50.79	3979	3686	66	0
28	5	1970	49.65	3968	3686	68	0
32	14	1309	63.42	2064	3686	59	0
33	15	1351	65.41	2066	3686	59	0
Core	CPU	Avg_MHz	Busy%	Bzy_MHz	TSC_MHz	CoreTmp	CoreThr	PkgTmp
-	-	2091	64.93	3232	3673	72	0	72
0	0	2902	73.94	3925	3686	68	0	72
4	1	2858	72.99	3915	3686	68	0
8	6	1534	51.95	2952	3686	72	0
9	7	1568	52.91	2963	3686	72	0
10	8	1562	52.76	2961	3686	72	0
11	9	1547	52.27	2960	3686	72	0
12	10	1585	50.64	3131	3686	72	0
13	11	1548	49.58	3123	3686	72	0
14	12	1590	50.66	3139	3686	72	0
15	13	1536	49.17	3123	3686	72	0
16	2	2869	73.28	3915	3686	70	0
20	3	2923	74.58	3920	3686	70	0
24	4	2901	74.14	3913	3686	70	0
28	5	2874	73.39	3916	3686	72	0
32	14	1865	92.18	2023	3686	59	0
33	15	1909	94.07	2030	3686	59	0
Core	CPU	Avg_MHz	Busy%	Bzy_MHz	TSC_MHz	CoreTmp	CoreThr	PkgTmp
-	-	2071	63.57	3250	3695	70	0	71
0	0	2916	73.84	3948	3686	70	0	71
4	1	2906	73.68	3944	3686	68	0
8	6	1511	49.69	3041	3686	68	0
9	7	1510	49.61	3043	3686	68	0
10	8	1498	49.30	3038	3686	68	0
11	9	1515	49.82	3041	3686	66	0
12	10	1544	49.31	3132	3686	68	0
13	11	1513	48.43	3124	3686	66	0
14	12	1511	48.37	3125	3686	66	0
15	13	1522	48.66	3128	3686	66	0
16	2	2828	72.04	3925	3686	70	0
20	3	2858	72.62	3936	3686	68	0
24	4	2823	71.76	3933	3686	66	0
28	5	2833	72.14	3928	3686	68	0
32	14	1862	92.87	2005	3686	60	0
33	15	1917	95.42	2009	3686	60	0
Core	CPU	Avg_MHz	Busy%	Bzy_MHz	TSC_MHz	CoreTmp	CoreThr	PkgTmp
-	-	2074	64.18	3239	3679	72	0	73
0	0	2952	74.77	3948	3686	70	0	73
4	1	2879	73.32	3927	3686	68	0
8	6	1544	50.34	3066	3686	72	0
9	7	1538	50.05	3072	3686	72	0
10	8	1546	50.36	3070	3686	72	0
11	9	1462	47.92	3052	3686	72	0
12	10	1593	52.47	3037	3686	70	0
13	11	1540	50.93	3023	3686	70	0
14	12	1533	50.73	3022	3686	70	0
15	13	1569	51.54	3043	3686	70	0
16	2	2824	72.06	3919	3686	72	0
20	3	2931	74.58	3929	3686	70	0
24	4	2822	72.26	3906	3686	70	0
28	5	2799	71.66	3906	3686	72	0
32	14	1796	88.69	2025	3686	60	0
33	15	1923	94.90	2026	3686	60	0
Core	CPU	Avg_MHz	Busy%	Bzy_MHz	TSC_MHz	CoreTmp	CoreThr	PkgTmp
-	-	2045	63.38	3226	3687	72	0	71
0	0	2874	72.90	3943	3686	70	0	71
4	1	2827	71.95	3928	3686	68	0
8	6	1516	50.00	3031	3686	70	0
9	7	1665	54.13	3076	3686	70	0
10	8	1527	50.30	3035	3686	72	0
11	9	1501	49.58	3028	3686	72	0
12	10	1535	50.44	3043	3686	70	0
13	11	1539	50.50	3048	3686	70	0
14	12	1497	49.39	3030	3686	70	0
15	13	1504	49.40	3044	3686	70	0
16	2	2757	70.36	3919	3686	72	0
20	3	2786	71.04	3922	3686	72	0
24	4	2772	70.69	3921	3686	70	0
28	5	2795	71.28	3921	3686	72	0
32	14	1739	87.53	1987	3686	60	0
33	15	1882	94.60	1989	3686	60	0
Core	CPU	Avg_MHz	Busy%	Bzy_MHz	TSC_MHz	CoreTmp	CoreThr	PkgTmp
-	-	2064	64.28	3212	3686	72	0	70
0	0	2867	73.07	3925	3686	68	0	70
4	1	2817	71.90	3918	3686	68	0
8	6	1527	50.25	3038	3686	72	0
9	7	1532	50.46	3036	3686	72	0
10	8	1466	48.52	3021	3686	72	0
11	9	1491	48.98	3043	3686	72	0
12	10	1553	52.01	2986	3686	72	0
13	11	1634	54.16	3017	3686	72	0
14	12	1546	51.78	2985	3686	72	0
15	13	1538	51.57	2982	3686	72	0
16	2	2810	71.78	3914	3686	72	0
20	3	2847	72.87	3907	3686	72	0
24	4	2797	71.48	3913	3686	72	0
28	5	2856	72.80	3924	3686	72	0
32	14	1881	93.64	2009	3686	61	0
33	15	1870	93.10	2009	3686	61	0
Core	CPU	Avg_MHz	Busy%	Bzy_MHz	TSC_MHz	CoreTmp	CoreThr	PkgTmp
-	-	2037	64.21	3160	3701	70	0	69
0	0	2844	72.57	3919	3686	64	0	69
4	1	2795	71.32	3918	3686	62	0
8	6	1558	53.64	2904	3686	70	0
9	7	1564	53.57	2920	3686	70	0
10	8	1504	52.12	2886	3686	70	0
11	9	1584	54.29	2917	3686	70	0
12	10	1481	51.83	2857	3686	62	0
13	11	1437	50.61	2839	3686	62	0
14	12	1417	49.96	2837	3686	62	0
15	13	1432	50.06	2861	3686	62	0
16	2	2805	71.62	3916	3686	66	0
20	3	2835	72.28	3923	3686	64	0
24	4	2781	71.06	3913	3686	64	0
28	5	2761	70.66	3908	3686	64	0
32	14	1758	87.36	2013	3686	58	0
33	15	1911	94.74	2017	3686	58	0
