Core	CPU	Avg_MHz	Busy%	Bzy_MHz	TSC_MHz	CoreTmp	CoreThr	PkgTmp
-	-	1140	34.79	3283	3678	68	0	65
0	0	1052	28.51	3690	3686	64	0	65
4	1	1130	30.15	3747	3686	64	0
8	6	1099	31.93	3442	3686	66	0
9	7	1104	31.87	3465	3686	68	0
10	8	1120	32.40	3457	3686	68	0
11	9	1107	32.12	3448	3686	68	0
12	10	1121	32.13	3488	3686	68	0
13	11	1123	32.25	3481	3686	68	0
14	12	1119	32.14	3482	3686	68	0
15	13	1106	31.82	3476	3686	68	0
16	2	1148	30.18	3804	3686	66	0
20	3	1065	28.57	3726	3686	64	0
24	4	1037	28.25	3673	3686	62	0
28	5	1120	29.93	3742	3686	64	0
32	14	1377	60.67	2269	3686	60	0
33	15	1448	63.62	2276	3686	59	0
Core	CPU	Avg_MHz	Busy%	Bzy_MHz	TSC_MHz	CoreTmp	CoreThr	PkgTmp
-	-	1698	52.18	3258	3682	70	0	64
0	0	1697	45.35	3743	3686	64	0	64
4	1	1571	42.50	3695	3686	66	0
8	6	1672	48.54	3446	3686	68	0
9	7	1631	47.51	3434	3686	70	0
10	8	1686	48.86	3450	3686	70	0
11	9	1596	46.25	3450	3686	70	0
12	10	1682	49.29	3412	3686	68	0
13	11	1657	48.66	3406	3686	68	0
14	12	1668	48.97	3406	3686	68	0
15	13	1661	48.76	3407	3686	68	0
16	2	1631	43.66	3735	3686	66	0
20	3	1678	44.37	3781	3686	66	0
24	4	1555	42.18	3686	3686	64	0
28	5	1543	41.83	3690	3686	64	0
32	14	2100	92.43	2272	3686	59	0
33	15	2176	95.63	2276	3686	59	0
Core	CPU	Avg_MHz	Busy%	Bzy_MHz	TSC_MHz	CoreTmp	CoreThr	PkgTmp
-	-	1710	52.13	3269	3699	70	0	67
0	0	1648	44.06	3739	3686	68	0	67
4	1	1586	42.74	3712	3686	66	0
8	6	1682	48.84	3444	3686	70	0
9	7	1687	49.00	3443	3686	70	0
10	8	1669	48.48	3443	3686	70	0
11	9	1673	48.54	3448	3686	70	0
12	10	1675	48.86	3428	3686	68	0
13	11	1604	46.82	3427	3686	68	0
14	12	1660	48.48	3423	3686	68	0
15	13	1676	48.89	3428	3686	68	0
16	2	1569	42.43	3698	3686	66	0
20	3	1665	44.01	3783	3686	64	0
24	4	1624	43.45	3738	3686	66	0
28	5	1550	41.99	3693	3686	64	0
32	14	2100	91.77	2289	3686	60	0
33	15	2199	95.97	2292	3686	59	0
Core	CPU	Avg_MHz	Busy%	Bzy_MHz	TSC_MHz	CoreTmp	CoreThr	PkgTmp
-	-	1702	51.85	3288	3680	70	0	67
0	0	1654	44.43	3724	3686	68	0	67
4	1	1555	42.17	3687	3686	66	0
8	6	1663	47.59	3495	3686	68	0
9	7	1671	47.82	3495	3686	70	0
10	8	1670	47.78	3496	3686	70	0
11	9	1672	47.82	3495	3686	70	0
12	10	1672	48.23	3466	3686	68	0
13	11	1668	48.13	3465	3686	68	0
14	12	1672	48.22	3467	3686	68	0
15	13	1675	48.40	3461	3686	68	0
16	2	1592	43.15	3690	3686	66	0
20	3	1584	42.97	3687	3686	64	0
24	4	1721	45.03	3821	3686	66	0
28	5	1578	42.77	3689	3686	64	0
32	14	2052	89.70	2287	3686	59	0
33	15	2181	95.34	2288	3686	60	0
Core	CPU	Avg_MHz	Busy%	Bzy_MHz	TSC_MHz	CoreTmp	CoreThr	PkgTmp
-	-	1690	51.96	3261	3677	70	0	65
0	0	1670	44.75	3731	3686	64	0	65
4	1	1578	42.58	3706	3686	64	0
8	6	1660	48.74	3407	3686	66	0
9	7	1653	48.59	3402	3686	68	0
10	8	1678	49.12	3417	3686	68	0
11	9	1658	48.68	3405	3686	68	0
12	10	1603	46.76	3427	3686	68	0
13	11	1664	48.54	3428	3686	70	0
14	12	1671	48.66	3434	3686	70	0
15	13	1660	48.42	3429	3686	70	0
16	2	1553	42.04	3694	3686	64	0
20	3	1693	44.31	3820	3686	64	0
24	4	1629	43.45	3750	3686	64	0
28	5	1546	41.91	3689	3686	64	0
32	14	2008	88.60	2267	3686	61	0
33	15	2181	95.94	2274	3686	61	0
Core	CPU	Avg_MHz	Busy%	Bzy_MHz	TSC_MHz	CoreTmp	CoreThr	PkgTmp
-	-	1702	52.26	3257	3685	66	0	66
0	0	1755	46.24	3796	3686	64	0	66
4	1	1752	45.63	3840	3686	64	0
8	6	1669	48.38	3449	3686	64	0
9	7	1661	48.33	3437	3686	64	0
10	8	1656	48.19	3436	3686	64	0
11	9	1652	48.13	3433	3686	64	0
12	10	1635	48.29	3386	3686	64	0
13	11	1634	48.26	3385	3686	64	0
14	12	1727	50.48	3422	3686	64	0
15	13	1681	49.29	3410	3686	66	0
16	2	1544	41.84	3691	3686	66	0
20	3	1532	41.58	3685	3686	66	0
24	4	1533	41.57	3688	3686	66	0
28	5	1560	42.24	3694	3686	66	0
32	14	2050	90.83	2256	3686	61	0
33	15	2197	96.91	2267	3686	61	0
Core	CPU	Avg_MHz	Busy%	Bzy_MHz	TSC_MHz	CoreTmp	CoreThr	PkgTmp
-	-	1651	49.48	3256	3778	68	0	68
0	0	1702	44.92	3789	3686	64	0	68
4	1	1682	44.65	3768	3686	68	0
8	6	1602	46.66	3433	3686	64	0
9	7	1604	46.87	3421	3686	64	0
10	8	1438	42.18	3410	3686	64	0
11	9	1620	47.22	3430	3686	64	0
12	10	1580	46.76	3380	3686	62	0
13	11	1606	47.65	3370	3686	62	0
14	12	1631	47.96	3400	3686	62	0
15	13	1593	46.95	3394	3686	62	0
16	2	1459	39.30	3713	3686	64	0
20	3	1456	39.31	3705	3686	62	0
24	4	1430	38.73	3692	3686	62	0
28	5	1332	36.09	3692	3686	62	0
32	14	1982	87.36	2269	3686	58	0
33	15	2064	90.61	2278	3686	58	0
