Core	CPU	Avg_MHz	Busy%	Bzy_MHz	TSC_MHz	CoreTmp	CoreThr	PkgTmp
-	-	1138	35.72	3208	3660	66	0	65
0	0	1117	30.56	3655	3686	64	0	65
4	1	1118	30.11	3714	3686	64	0
8	6	1083	31.86	3398	3686	64	0
9	7	1082	31.87	3394	3686	64	0
10	8	1104	32.50	3397	3686	64	0
11	9	1091	32.12	3395	3686	62	0
12	10	1102	33.27	3311	3686	64	0
13	11	1091	32.98	3309	3686	62	0
14	12	1147	34.24	3351	3686	62	0
15	13	1125	33.70	3338	3686	62	0
16	2	1141	31.17	3662	3686	64	0
20	3	1071	29.60	3617	3686	64	0
24	4	1108	30.14	3675	3686	64	0
28	5	1101	30.35	3627	3686	66	0
32	14	1395	62.16	2245	3686	61	0
33	15	1453	64.54	2251	3686	62	0
Core	CPU	Avg_MHz	Busy%	Bzy_MHz	TSC_MHz	CoreTmp	CoreThr	PkgTmp
-	-	1714	52.92	3233	3693	68	0	66
0	0	1706	45.64	3739	3686	64	0	66
4	1	1687	44.78	3767	3686	64	0
8	6	1675	48.70	3440	3686	64	0
9	7	1658	48.22	3438	3686	66	0
10	8	1676	48.76	3437	3686	66	0
11	9	1670	48.63	3434	3686	66	0
12	10	1687	50.67	3329	3686	68	0
13	11	1680	50.49	3328	3686	68	0
14	12	1660	49.70	3339	3686	68	0
15	13	1703	51.01	3338	3686	68	0
16	2	1535	41.98	3656	3686	66	0
20	3	1573	42.86	3670	3686	64	0
24	4	1625	44.11	3684	3686	64	0
28	5	1569	42.79	3668	3686	64	0
32	14	2114	93.20	2268	3686	61	0
33	15	2164	95.44	2268	3686	60	0
Core	CPU	Avg_MHz	Busy%	Bzy_MHz	TSC_MHz	CoreTmp	CoreThr	PkgTmp
-	-	1727	53.15	3234	3705	70	0	68
0	0	1759	46.91	3750	3686	68	0	68
4	1	1723	45.97	3748	3686	66	0
8	6	1681	50.17	3350	3686	66	0
9	7	1686	50.40	3346	3686	70	0
10	8	1687	50.26	3357	3686	70	0
11	9	1644	49.24	3340	3686	70	0
12	10	1666	49.18	3387	3686	68	0
13	11	1693	49.89	3394	3686	68	0
14	12	1675	49.47	3386	3686	68	0
15	13	1677	49.46	3391	3686	68	0
16	2	1563	42.58	3670	3686	64	0
20	3	1532	42.01	3647	3686	64	0
24	4	1574	42.87	3671	3686	62	0
28	5	1667	45.07	3698	3686	64	0
32	14	2064	90.51	2280	3686	61	0
33	15	2210	96.70	2285	3686	61	0
Core	CPU	Avg_MHz	Busy%	Bzy_MHz	TSC_MHz	CoreTmp	CoreThr	PkgTmp
-	-	1721	53.34	3225	3687	70	0	68
0	0	1801	47.68	3777	3686	68	0	68
4	1	1648	44.49	3703	3686	66	0
8	6	1668	50.27	3317	3686	70	0
9	7	1663	50.06	3321	3686	70	0
10	8	1650	49.75	3316	3686	70	0
11	9	1612	48.79	3305	3686	70	0
12	10	1674	49.67	3370	3686	70	0
13	11	1603	47.74	3358	3686	70	0
14	12	1663	49.35	3371	3686	70	0
15	13	1648	48.96	3367	3686	70	0
16	2	1535	41.94	3659	3686	66	0
20	3	1895	49.38	3837	3686	64	0
24	4	1652	44.80	3687	3686	66	0
28	5	1599	43.72	3656	3686	64	0
32	14	2035	90.36	2253	3686	61	0
33	15	2178	96.47	2257	3686	61	0
Core	CPU	Avg_MHz	Busy%	Bzy_MHz	TSC_MHz	CoreTmp	CoreThr	PkgTmp
-	-	1689	51.50	3275	3691	66	0	66
0	0	1843	48.36	3812	3686	66	0	66
4	1	1684	44.72	3766	3686	64	0
8	6	1580	46.22	3417	3686	66	0
9	7	1652	48.21	3427	3686	66	0
10	8	1634	47.82	3417	3686	66	0
11	9	1610	47.07	3421	3686	66	0
12	10	1613	47.50	3395	3686	64	0
13	11	1596	47.16	3385	3686	64	0
14	12	1645	48.48	3393	3686	64	0
15	13	1631	48.09	3392	3686	64	0
16	2	1595	42.57	3747	3686	64	0
20	3	1817	47.61	3817	3686	64	0
24	4	1559	42.04	3707	3686	62	0
28	5	1504	40.94	3673	3686	64	0
32	14	1934	85.28	2268	3686	61	0
33	15	2089	91.97	2271	3686	61	0
Core	CPU	Avg_MHz	Busy%	Bzy_MHz	TSC_MHz	CoreTmp	CoreThr	PkgTmp
-	-	1704	52.63	3248	3674	70	0	69
0	0	1721	45.68	3769	3686	68	0	69
4	1	1597	43.05	3710	3686	68	0
8	6	1679	49.31	3404	3686	70	0
9	7	1650	48.32	3415	3686	70	0
10	8	1695	49.62	3416	3686	70	0
11	9	1679	49.25	3409	3686	70	0
12	10	1679	49.00	3426	3686	70	0
13	11	1674	49.00	3417	3686	68	0
14	12	1682	49.15	3423	3686	68	0
15	13	1684	49.23	3420	3686	68	0
16	2	1567	42.56	3682	3686	64	0
20	3	1545	42.12	3669	3686	64	0
24	4	1598	43.34	3688	3686	64	0
28	5	1628	44.16	3686	3686	64	0
32	14	2194	96.41	2275	3686	61	0
33	15	2076	91.58	2267	3686	61	0
Core	CPU	Avg_MHz	Busy%	Bzy_MHz	TSC_MHz	CoreTmp	CoreThr	PkgTmp
-	-	1619	48.98	3272	3724	68	0	71
0	0	1669	44.83	3722	3686	64	0	71
4	1	1813	46.90	3866	3686	68	0
8	6	1597	46.00	3473	3686	64	0
9	7	1544	44.71	3453	3686	64	0
10	8	1520	44.18	3440	3686	64	0
11	9	1561	45.13	3460	3686	64	0
12	10	1531	44.37	3452	3686	64	0
13	11	1538	44.51	3457	3686	64	0
14	12	1543	44.68	3454	3686	62	0
15	13	1511	43.91	3441	3686	62	0
16	2	1408	38.68	3640	3686	64	0
20	3	1411	38.88	3629	3686	62	0
24	4	1446	39.06	3702	3686	62	0
28	5	1403	38.42	3650	3686	64	0
32	14	2117	91.78	2306	3686	59	0
33	15	2029	88.14	2302	3686	59	0
