Core	CPU	Avg_MHz	Busy%	Bzy_MHz	TSC_MHz	CoreTmp	CoreThr	PkgTmp
-	-	1197	37.38	3222	3663	68	0	66
0	0	1253	33.53	3738	3686	66	0	66
4	1	1147	31.09	3689	3686	64	0
8	6	1173	34.48	3403	3686	64	0
9	7	1160	34.20	3392	3686	64	0
10	8	1167	34.34	3399	3686	64	0
11	9	1168	34.45	3390	3686	64	0
12	10	1178	35.52	3317	3686	64	0
13	11	1156	35.08	3296	3686	64	0
14	12	1162	35.16	3304	3686	66	0
15	13	1172	35.47	3303	3686	68	0
16	2	1101	30.24	3639	3686	68	0
20	3	1087	29.94	3630	3686	66	0
24	4	1137	31.26	3637	3686	66	0
28	5	1215	32.92	3691	3686	64	0
32	14	1508	65.52	2302	3686	61	0
33	15	1482	64.62	2293	3686	61	0
Core	CPU	Avg_MHz	Busy%	Bzy_MHz	TSC_MHz	CoreTmp	CoreThr	PkgTmp
-	-	1707	52.65	3222	3710	66	0	67
0	0	1664	45.26	3677	3686	66	0	67
4	1	1602	43.07	3720	3686	64	0
8	6	1677	49.83	3366	3686	66	0
9	7	1673	49.71	3365	3686	66	0
10	8	1672	49.75	3361	3686	66	0
11	9	1602	47.39	3379	3686	66	0
12	10	1629	48.64	3349	3686	66	0
13	11	1660	49.49	3353	3686	66	0
14	12	1663	49.64	3351	3686	66	0
15	13	1645	49.19	3344	3686	66	0
16	2	1620	43.57	3718	3686	64	0
20	3	1563	42.42	3685	3686	64	0
24	4	1650	44.71	3691	3686	64	0
28	5	1593	43.42	3670	3686	64	0
32	14	2036	90.03	2262	3686	62	0
33	15	2194	96.67	2269	3686	62	0
Core	CPU	Avg_MHz	Busy%	Bzy_MHz	TSC_MHz	CoreTmp	CoreThr	PkgTmp
-	-	1731	53.80	3230	3672	66	0	67
0	0	1778	47.65	3731	3686	66	0	67
4	1	1611	43.96	3664	3686	64	0
8	6	1690	51.10	3307	3686	66	0
9	7	1696	51.24	3309	3686	66	0
10	8	1640	49.48	3315	3686	66	0
11	9	1692	51.17	3308	3686	66	0
12	10	1710	50.29	3401	3686	66	0
13	11	1669	49.07	3401	3686	66	0
14	12	1688	49.79	3390	3686	64	0
15	13	1711	50.26	3405	3686	64	0
16	2	1541	42.29	3644	3686	66	0
20	3	1759	46.86	3754	3686	64	0
24	4	1672	45.45	3678	3686	64	0
28	5	1615	43.96	3673	3686	64	0
32	14	2093	91.02	2299	3686	62	0
33	15	2232	96.85	2304	3686	63	0
Core	CPU	Avg_MHz	Busy%	Bzy_MHz	TSC_MHz	CoreTmp	CoreThr	PkgTmp
-	-	1706	52.28	3261	3688	70	0	68
0	0	1714	45.23	3789	3686	66	0	68
4	1	1629	43.49	3745	3686	68	0
8	6	1681	48.91	3436	3686	70	0
9	7	1695	49.33	3437	3686	70	0
10	8	1680	48.88	3436	3686	70	0
11	9	1676	48.82	3434	3686	70	0
12	10	1658	48.08	3449	3686	68	0
13	11	1668	48.46	3442	3686	70	0
14	12	1664	48.30	3446	3686	70	0
15	13	1655	48.10	3441	3686	68	0
16	2	1552	41.88	3705	3686	64	0
20	3	1470	39.83	3689	3686	64	0
24	4	1625	43.80	3710	3686	66	0
28	5	1630	43.94	3710	3686	68	0
32	14	2092	92.57	2259	3686	63	0
33	15	2194	96.87	2265	3686	63	0
Core	CPU	Avg_MHz	Busy%	Bzy_MHz	TSC_MHz	CoreTmp	CoreThr	PkgTmp
-	-	1650	51.35	3211	3688	68	0	71
0	0	1587	43.02	3690	3686	68	0	71
4	1	1640	43.86	3739	3686	66	0
8	6	1567	46.43	3374	3686	68	0
9	7	1590	47.13	3373	3686	68	0
10	8	1601	47.36	3381	3686	68	0
11	9	1591	47.16	3373	3686	68	0
12	10	1592	47.56	3348	3686	68	0
13	11	1600	47.76	3350	3686	66	0
14	12	1610	47.99	3354	3686	66	0
15	13	1610	48.01	3353	3686	66	0
16	2	1509	41.48	3638	3686	64	0
20	3	1493	41.09	3635	3686	64	0
24	4	1564	42.65	3667	3686	64	0
28	5	1474	40.48	3641	3686	64	0
32	14	2221	96.70	2297	3686	62	0
33	15	2131	93.03	2290	3686	61	0
Core	CPU	Avg_MHz	Busy%	Bzy_MHz	TSC_MHz	CoreTmp	CoreThr	PkgTmp
-	-	1714	52.58	3256	3690	74	0	70
0	0	1744	46.14	3780	3686	70	0	70
4	1	1681	44.68	3761	3686	66	0
8	6	1643	48.64	3377	3686	74	0
9	7	1703	50.33	3384	3686	74	0
10	8	1690	50.00	3381	3686	72	0
11	9	1682	49.81	3376	3686	72	0
12	10	1647	47.64	3457	3686	70	0
13	11	1671	48.23	3466	3686	70	0
14	12	1667	48.12	3465	3686	70	0
15	13	1667	48.13	3464	3686	70	0
16	2	1556	42.22	3684	3686	66	0
20	3	1535	41.82	3670	3686	66	0
24	4	1581	42.85	3690	3686	64	0
28	5	1628	43.96	3703	3686	66	0
32	14	2087	91.83	2272	3686	61	0
33	15	2210	96.97	2279	3686	61	0
Core	CPU	Avg_MHz	Busy%	Bzy_MHz	TSC_MHz	CoreTmp	CoreThr	PkgTmp
-	-	1607	48.63	3270	3724	70	0	73
0	0	1574	42.44	3709	3686	64	0	73
4	1	1755	45.51	3856	3686	70	0
8	6	1519	43.90	3460	3686	66	0
9	7	1549	44.50	3481	3686	66	0
10	8	1544	44.46	3473	3686	66	0
11	9	1533	44.29	3462	3686	66	0
12	10	1551	45.38	3418	3686	64	0
13	11	1570	45.81	3427	3686	64	0
14	12	1527	44.88	3403	3686	64	0
15	13	1532	44.97	3407	3686	64	0
16	2	1432	39.47	3626	3686	64	0
20	3	1416	38.85	3644	3686	64	0
24	4	1518	41.26	3679	3686	62	0
28	5	1401	38.73	3617	3686	64	0
32	14	1911	82.68	2311	3686	60	0
33	15	2120	91.51	2317	3686	60	0
