Core	CPU	Avg_MHz	Busy%	Bzy_MHz	TSC_MHz	CoreTmp	CoreThr	PkgTmp
-	-	1408	42.36	3332	3677	68	0	68
0	0	1912	48.13	3974	3686	68	0	68
4	1	1936	48.43	3998	3686	66	0
8	6	1095	33.85	3235	3686	66	0
9	7	1058	32.87	3220	3686	66	0
10	8	1029	32.10	3207	3686	66	0
11	9	1029	32.12	3202	3686	66	0
12	10	1114	34.96	3187	3686	66	0
13	11	1038	33.04	3141	3686	66	0
14	12	1078	34.10	3161	3686	66	0
15	13	1038	33.11	3135	3686	64	0
16	2	1910	47.88	3990	3686	68	0
20	3	1947	48.71	3998	3686	68	0
24	4	1955	48.91	3997	3686	66	0
28	5	1922	48.10	3995	3686	68	0
32	14	1261	60.65	2079	3686	57	0
33	15	1261	60.77	2075	3686	56	0
Core	CPU	Avg_MHz	Busy%	Bzy_MHz	TSC_MHz	CoreTmp	CoreThr	PkgTmp
-	-	2074	63.96	3239	3690	68	0	69
0	0	2902	73.22	3964	3686	68	0	69
4	1	2915	73.71	3954	3686	68	0
8	6	1516	50.14	3023	3686	66	0
9	7	1550	50.98	3040	3686	66	0
10	8	1507	49.83	3025	3686	64	0
11	9	1505	49.82	3021	3686	64	0
12	10	1530	50.12	3053	3686	66	0
13	11	1521	49.86	3051	3686	66	0
14	12	1577	51.34	3073	3686	66	0
15	13	1507	49.31	3056	3686	66	0
16	2	2787	70.74	3940	3686	66	0
20	3	2858	72.35	3950	3686	66	0
24	4	2828	71.46	3957	3686	66	0
28	5	2850	72.12	3951	3686	66	0
32	14	1870	92.90	2013	3686	58	0
33	15	1925	95.42	2017	3686	58	0
Core	CPU	Avg_MHz	Busy%	Bzy_MHz	TSC_MHz	CoreTmp	CoreThr	PkgTmp
-	-	2090	65.19	3213	3679	70	0	68
0	0	2934	74.39	3944	3686	66	0	68
4	1	2874	73.20	3926	3686	66	0
8	6	1523	51.32	2968	3686	68	0
9	7	1547	52.33	2956	3686	70	0
10	8	1565	52.76	2966	3686	70	0
11	9	1542	52.17	2955	3686	70	0
12	10	1548	51.65	2996	3686	68	0
13	11	1576	52.46	3003	3686	68	0
14	12	1540	51.42	2994	3686	68	0
15	13	1610	53.34	3018	3686	68	0
16	2	2868	73.04	3927	3686	70	0
20	3	2918	74.27	3928	3686	68	0
24	4	2865	73.02	3924	3686	66	0
28	5	2857	72.78	3925	3686	68	0
32	14	1840	90.89	2024	3686	58	0
33	15	1901	93.72	2029	3686	58	0
Core	CPU	Avg_MHz	Busy%	Bzy_MHz	TSC_MHz	CoreTmp	CoreThr	PkgTmp
-	-	2063	64.00	3220	3690	70	0	69
0	0	2875	73.02	3937	3686	68	0	69
4	1	2811	71.78	3917	3686	68	0
8	6	1513	48.69	3107	3686	66	0
9	7	1490	48.02	3102	3686	66	0
10	8	1521	48.90	3111	3686	66	0
11	9	1690	53.31	3170	3686	66	0
12	10	1557	53.10	2933	3686	66	0
13	11	1540	52.53	2932	3686	66	0
14	12	1485	50.99	2912	3686	66	0
15	13	1535	52.40	2930	3686	66	0
16	2	2780	70.97	3917	3686	70	0
20	3	2811	71.65	3923	3686	68	0
24	4	2765	70.83	3903	3686	68	0
28	5	2915	73.98	3940	3686	70	0
32	14	1815	90.55	2005	3686	58	0
33	15	1873	93.42	2005	3686	58	0
Core	CPU	Avg_MHz	Busy%	Bzy_MHz	TSC_MHz	CoreTmp	CoreThr	PkgTmp
-	-	2082	65.79	3170	3679	70	0	68
0	0	2937	74.69	3932	3686	66	0	68
4	1	2884	73.44	3927	3686	66	0
8	6	1518	51.17	2966	3686	66	0
9	7	1556	52.23	2979	3686	68	0
10	8	1501	50.46	2975	3686	70	0
11	9	1516	51.09	2968	3686	70	0
12	10	1566	55.20	2837	3686	70	0
13	11	1545	54.64	2828	3686	70	0
14	12	1530	54.25	2821	3686	70	0
15	13	1565	55.14	2838	3686	70	0
16	2	2867	73.29	3912	3686	68	0
20	3	2875	73.39	3917	3686	70	0
24	4	2842	72.60	3914	3686	68	0
28	5	2856	72.85	3921	3686	70	0
32	14	1859	91.69	2028	3686	59	0
33	15	1960	96.43	2033	3686	59	0
Core	CPU	Avg_MHz	Busy%	Bzy_MHz	TSC_MHz	CoreTmp	CoreThr	PkgTmp
-	-	2082	64.92	3196	3700	68	0	71
0	0	2966	75.02	3954	3686	68	0	71
4	1	2937	74.50	3942	3686	66	0
8	6	1528	51.82	2949	3686	68	0
9	7	1534	51.92	2954	3686	68	0
10	8	1528	51.80	2950	3686	66	0
11	9	1449	49.07	2952	3686	66	0
12	10	1561	52.99	2946	3686	66	0
13	11	1516	51.50	2943	3686	66	0
14	12	1536	52.23	2940	3686	66	0
15	13	1514	51.64	2931	3686	66	0
16	2	2848	72.51	3927	3686	68	0
20	3	2857	72.66	3932	3686	68	0
24	4	2833	72.13	3927	3686	66	0
28	5	2808	71.54	3924	3686	66	0
32	14	1834	91.10	2013	3686	59	0
33	15	1949	96.55	2019	3686	59	0
Core	CPU	Avg_MHz	Busy%	Bzy_MHz	TSC_MHz	CoreTmp	CoreThr	PkgTmp
-	-	2068	64.64	3195	3691	74	0	73
0	0	2873	73.61	3903	3686	66	0	73
4	1	2869	73.34	3911	3686	64	0
8	6	1689	55.94	3020	3686	74	0
9	7	1486	50.51	2943	3686	74	0
10	8	1538	51.61	2979	3686	74	0
11	9	1551	52.13	2976	3686	74	0
12	10	1580	52.97	2984	3686	64	0
13	11	1541	51.89	2970	3686	64	0
14	12	1513	51.07	2962	3686	64	0
15	13	1477	50.02	2953	3686	64	0
16	2	2789	71.77	3885	3686	64	0
20	3	2841	72.86	3899	3686	66	0
24	4	2785	71.60	3889	3686	62	0
28	5	2779	71.38	3892	3686	64	0
32	14	1811	89.03	2035	3686	58	0
33	15	1921	94.54	2032	3686	58	0
