Core	CPU	Avg_MHz	Busy%	Bzy_MHz	TSC_MHz	CoreTmp	CoreThr	PkgTmp
-	-	1184	36.10	3289	3677	68	0	73
0	0	1172	31.11	3765	3686	66	0	73
4	1	1167	30.74	3798	3686	64	0
8	6	1127	32.27	3491	3686	68	0
9	7	1158	33.19	3490	3686	68	0
10	8	1156	33.08	3494	3686	68	0
11	9	1157	33.17	3488	3686	68	0
12	10	1194	33.84	3528	3686	68	0
13	11	1179	33.58	3510	3686	68	0
14	12	1176	33.50	3511	3686	66	0
15	13	1177	33.50	3512	3686	66	0
16	2	1074	29.00	3704	3686	64	0
20	3	1098	29.64	3704	3686	64	0
24	4	1099	29.61	3714	3686	62	0
28	5	1111	29.84	3724	3686	64	0
32	14	1426	63.63	2241	3686	60	0
33	15	1523	67.76	2248	3686	60	0
Core	CPU	Avg_MHz	Busy%	Bzy_MHz	TSC_MHz	CoreTmp	CoreThr	PkgTmp
-	-	1693	52.13	3248	3685	70	0	66
0	0	1639	44.23	3705	3686	66	0	66
4	1	1654	43.57	3795	3686	64	0
8	6	1647	48.20	3416	3686	66	0
9	7	1655	48.54	3410	3686	66	0
10	8	1661	48.63	3416	3686	70	0
11	9	1651	48.49	3405	3686	70	0
12	10	1674	48.77	3433	3686	70	0
13	11	1681	48.98	3431	3686	70	0
14	12	1672	48.76	3429	3686	70	0
15	13	1681	49.03	3429	3686	70	0
16	2	1562	42.00	3718	3686	66	0
20	3	1553	42.23	3679	3686	64	0
24	4	1582	42.93	3686	3686	64	0
28	5	1556	42.25	3682	3686	64	0
32	14	2038	90.52	2252	3686	60	0
33	15	2187	96.86	2258	3686	60	0
Core	CPU	Avg_MHz	Busy%	Bzy_MHz	TSC_MHz	CoreTmp	CoreThr	PkgTmp
-	-	1689	51.58	3284	3677	70	0	65
0	0	1715	45.31	3785	3686	64	0	65
4	1	1672	44.03	3798	3686	64	0
8	6	1662	47.74	3481	3686	64	0
9	7	1651	47.38	3484	3686	64	0
10	8	1645	47.28	3479	3686	66	0
11	9	1584	45.68	3467	3686	66	0
12	10	1662	47.83	3474	3686	66	0
13	11	1665	47.93	3474	3686	68	0
14	12	1677	48.30	3473	3686	68	0
15	13	1670	48.05	3477	3686	70	0
16	2	1570	42.31	3711	3686	66	0
20	3	1546	41.75	3704	3686	64	0
24	4	1542	41.73	3695	3686	64	0
28	5	1595	42.99	3710	3686	64	0
32	14	2083	91.91	2267	3686	61	0
33	15	2158	94.88	2275	3686	61	0
Core	CPU	Avg_MHz	Busy%	Bzy_MHz	TSC_MHz	CoreTmp	CoreThr	PkgTmp
-	-	1721	52.58	3263	3697	70	0	68
0	0	1644	44.30	3711	3686	68	0	68
4	1	1725	45.10	3824	3686	66	0
8	6	1696	49.07	3457	3686	70	0
9	7	1688	48.92	3450	3686	70	0
10	8	1668	48.49	3439	3686	70	0
11	9	1702	49.36	3449	3686	70	0
12	10	1704	49.84	3418	3686	68	0
13	11	1687	49.41	3414	3686	68	0
14	12	1654	48.55	3406	3686	68	0
15	13	1671	49.05	3407	3686	68	0
16	2	1600	43.26	3697	3686	66	0
20	3	1566	42.38	3696	3686	64	0
24	4	1567	42.37	3699	3686	64	0
28	5	1576	42.64	3695	3686	64	0
32	14	2133	93.46	2282	3686	61	0
33	15	2173	95.22	2282	3686	61	0
Core	CPU	Avg_MHz	Busy%	Bzy_MHz	TSC_MHz	CoreTmp	CoreThr	PkgTmp
-	-	1705	52.08	3275	3684	70	0	68
0	0	1697	45.07	3765	3686	68	0	68
4	1	1599	42.86	3732	3686	68	0
8	6	1659	47.84	3469	3686	70	0
9	7	1674	48.27	3469	3686	70	0
10	8	1659	47.80	3471	3686	70	0
11	9	1673	48.17	3473	3686	70	0
12	10	1673	48.30	3464	3686	70	0
13	11	1679	48.43	3467	3686	70	0
14	12	1696	48.81	3474	3686	70	0
15	13	1677	48.34	3468	3686	70	0
16	2	1574	42.61	3694	3686	66	0
20	3	1557	42.29	3681	3686	66	0
24	4	1572	42.61	3689	3686	64	0
28	5	1570	42.52	3692	3686	64	0
32	14	2184	95.34	2291	3686	61	0
33	15	2150	93.95	2288	3686	61	0
Core	CPU	Avg_MHz	Busy%	Bzy_MHz	TSC_MHz	CoreTmp	CoreThr	PkgTmp
-	-	1712	52.21	3276	3690	72	0	69
0	0	1758	46.41	3787	3686	68	0	69
4	1	1617	43.10	3751	3686	66	0
8	6	1646	47.95	3433	3686	70	0
9	7	1654	48.04	3443	3686	70	0
10	8	1645	47.91	3433	3686	72	0
11	9	1679	48.91	3434	3686	70	0
12	10	1689	48.52	3482	3686	70	0
13	11	1683	48.35	3481	3686	70	0
14	12	1680	48.24	3482	3686	70	0
15	13	1686	48.39	3485	3686	70	0
16	2	1549	41.93	3693	3686	66	0
20	3	1578	42.80	3686	3686	64	0
24	4	1598	43.27	3692	3686	64	0
28	5	1621	43.85	3698	3686	64	0
32	14	2168	94.85	2286	3686	61	0
33	15	2121	93.02	2280	3686	61	0
Core	CPU	Avg_MHz	Busy%	Bzy_MHz	TSC_MHz	CoreTmp	CoreThr	PkgTmp
-	-	1542	47.52	3208	3729	68	0	70
0	0	1479	40.51	3650	3686	64	0	70
4	1	1787	46.29	3860	3686	68	0
8	6	1459	44.39	3286	3686	64	0
9	7	1488	45.10	3299	3686	64	0
10	8	1454	44.41	3275	3686	64	0
11	9	1461	44.45	3288	3686	64	0
12	10	1484	43.84	3386	3686	62	0
13	11	1468	43.43	3381	3686	62	0
14	12	1460	43.38	3366	3686	62	0
15	13	1454	43.18	3368	3686	62	0
16	2	1345	36.85	3651	3686	64	0
20	3	1407	38.98	3610	3686	62	0
24	4	1430	39.33	3635	3686	62	0
28	5	1348	37.03	3639	3686	62	0
32	14	1852	81.28	2279	3686	59	0
33	15	2017	88.37	2283	3686	59	0
