Core	CPU	Avg_MHz	Busy%	Bzy_MHz	TSC_MHz	CoreTmp	CoreThr	PkgTmp
-	-	1170	38.14	3071	3681	64	0	66
0	0	1205	34.74	3469	3686	64	0	66
4	1	1388	38.39	3616	3686	62	0
8	6	1194	36.96	3232	3686	64	0
9	7	1111	35.28	3148	3686	64	0
10	8	1098	34.92	3144	3686	62	0
11	9	1074	34.34	3128	3686	62	0
12	10	1120	35.24	3178	3686	62	0
13	11	1132	35.40	3198	3686	62	0
14	12	1089	34.33	3171	3686	62	0
15	13	1071	33.95	3154	3686	62	0
16	2	1114	32.07	3473	3686	64	0
20	3	1142	33.81	3378	3686	62	0
24	4	1090	31.70	3439	3686	62	0
28	5	1099	31.74	3463	3686	62	0
32	14	1421	64.10	2217	3686	59	0
33	15	1396	63.27	2207	3686	59	0
Core	CPU	Avg_MHz	Busy%	Bzy_MHz	TSC_MHz	CoreTmp	CoreThr	PkgTmp
-	-	1685	54.38	3096	3689	68	0	65
0	0	1828	50.73	3603	3686	64	0	65
4	1	1813	49.71	3648	3686	62	0
8	6	1588	49.99	3177	3686	64	0
9	7	1570	49.80	3153	3686	64	0
10	8	1626	51.36	3166	3686	64	0
11	9	1611	50.88	3166	3686	64	0
12	10	1570	48.86	3212	3686	64	0
13	11	1617	50.69	3191	3686	64	0
14	12	1618	50.78	3187	3686	64	0
15	13	1613	50.61	3187	3686	62	0
16	2	1686	47.04	3584	3686	64	0
20	3	1521	43.56	3492	3686	64	0
24	4	1527	43.94	3476	3686	62	0
28	5	1604	45.69	3511	3686	68	0
32	14	2033	91.52	2222	3686	60	0
33	15	2112	95.01	2223	3686	60	0
Core	CPU	Avg_MHz	Busy%	Bzy_MHz	TSC_MHz	CoreTmp	CoreThr	PkgTmp
-	-	1702	51.77	3294	3679	72	0	67
0	0	1640	44.20	3710	3686	66	0	67
4	1	1623	43.75	3710	3686	66	0
8	6	1671	47.61	3511	3686	66	0
9	7	1682	47.84	3515	3686	70	0
10	8	1683	47.81	3521	3686	72	0
11	9	1685	47.94	3515	3686	72	0
12	10	1667	47.69	3496	3686	66	0
13	11	1666	47.69	3493	3686	66	0
14	12	1681	48.09	3495	3686	66	0
15	13	1674	47.94	3492	3686	64	0
16	2	1677	44.44	3773	3686	64	0
20	3	1571	42.58	3690	3686	64	0
24	4	1549	41.96	3692	3686	62	0
28	5	1570	42.63	3684	3686	62	0
32	14	2127	93.19	2283	3686	61	0
33	15	2117	92.78	2281	3686	61	0
Core	CPU	Avg_MHz	Busy%	Bzy_MHz	TSC_MHz	CoreTmp	CoreThr	PkgTmp
-	-	1750	53.75	3253	3691	70	0	69
0	0	1877	50.00	3754	3686	66	0	69
4	1	1767	47.43	3725	3686	64	0
8	6	1656	48.57	3409	3686	70	0
9	7	1663	48.78	3410	3686	70	0
10	8	1652	48.61	3397	3686	70	0
11	9	1637	48.22	3396	3686	70	0
12	10	1688	49.91	3382	3686	68	0
13	11	1681	49.79	3376	3686	68	0
14	12	1670	49.44	3377	3686	68	0
15	13	1726	50.63	3410	3686	68	0
16	2	1956	51.37	3808	3686	64	0
20	3	1712	46.36	3694	3686	64	0
24	4	1579	43.75	3609	3686	62	0
28	5	1562	42.79	3651	3686	64	0
32	14	2039	90.56	2252	3686	60	0
33	15	2109	93.86	2247	3686	60	0
Core	CPU	Avg_MHz	Busy%	Bzy_MHz	TSC_MHz	CoreTmp	CoreThr	PkgTmp
-	-	1681	51.30	3272	3691	66	0	67
0	0	1579	42.40	3723	3686	64	0	67
4	1	1649	43.67	3776	3686	64	0
8	6	1661	48.02	3459	3686	66	0
9	7	1640	47.65	3443	3686	66	0
10	8	1645	47.68	3450	3686	66	0
11	9	1635	47.53	3439	3686	66	0
12	10	1639	46.97	3490	3686	64	0
13	11	1645	47.25	3482	3686	64	0
14	12	1646	47.21	3487	3686	64	0
15	13	1599	45.90	3483	3686	64	0
16	2	1549	41.76	3710	3686	64	0
20	3	1568	42.08	3726	3686	64	0
24	4	1621	43.53	3724	3686	62	0
28	5	1519	41.07	3699	3686	64	0
32	14	2130	93.94	2267	3686	60	0
33	15	2133	94.17	2265	3686	61	0
Core	CPU	Avg_MHz	Busy%	Bzy_MHz	TSC_MHz	CoreTmp	CoreThr	PkgTmp
-	-	1705	52.59	3250	3677	70	0	69
0	0	1764	46.73	3776	3686	68	0	69
4	1	1580	42.65	3706	3686	66	0
8	6	1696	48.95	3465	3686	70	0
9	7	1638	47.19	3471	3686	70	0
10	8	1681	48.63	3457	3686	70	0
11	9	1675	48.50	3453	3686	70	0
12	10	1689	50.47	3346	3686	70	0
13	11	1681	50.28	3343	3686	70	0
14	12	1684	50.29	3349	3686	70	0
15	13	1675	50.14	3342	3686	68	0
16	2	1618	43.63	3709	3686	66	0
20	3	1567	42.40	3696	3686	64	0
24	4	1582	42.84	3693	3686	64	0
28	5	1545	41.96	3683	3686	66	0
32	14	2156	94.32	2286	3686	60	0
33	15	2107	92.29	2283	3686	60	0
Core	CPU	Avg_MHz	Busy%	Bzy_MHz	TSC_MHz	CoreTmp	CoreThr	PkgTmp
-	-	1605	48.82	3248	3732	68	0	71
0	0	1850	48.85	3786	3686	64	0	71
4	1	1732	44.92	3856	3686	68	0
8	6	1439	41.54	3465	3686	62	0
9	7	1512	44.29	3413	3686	64	0
10	8	1521	44.63	3408	3686	64	0
11	9	1511	44.34	3408	3686	64	0
12	10	1516	44.93	3373	3686	62	0
13	11	1509	44.88	3363	3686	62	0
14	12	1490	44.34	3360	3686	62	0
15	13	1516	45.09	3362	3686	62	0
16	2	1404	37.17	3776	3686	64	0
20	3	1480	40.61	3643	3686	62	0
24	4	1400	38.22	3663	3686	62	0
28	5	1389	38.52	3606	3686	64	0
32	14	2073	90.46	2292	3686	59	0
33	15	2034	89.13	2283	3686	58	0
