Core	CPU	Avg_MHz	Busy%	Bzy_MHz	TSC_MHz	CoreTmp	CoreThr	PkgTmp
-	-	1209	36.84	3285	3682	66	0	63
0	0	1137	30.70	3704	3686	62	0	63
4	1	1105	29.86	3699	3686	62	0
8	6	1151	33.58	3427	3686	66	0
9	7	1144	33.54	3411	3686	66	0
10	8	1181	34.29	3445	3686	66	0
11	9	1139	33.42	3408	3686	66	0
12	10	1163	33.84	3438	3686	66	0
13	11	1169	34.03	3436	3686	66	0
14	12	1240	35.75	3467	3686	66	0
15	13	1161	33.77	3438	3686	66	0
16	2	1382	35.50	3894	3686	62	0
20	3	1129	30.25	3731	3686	62	0
24	4	1175	31.35	3748	3686	60	0
28	5	1185	31.14	3806	3686	60	0
32	14	1402	62.07	2259	3686	56	0
33	15	1497	66.26	2259	3686	56	0
Core	CPU	Avg_MHz	Busy%	Bzy_MHz	TSC_MHz	CoreTmp	CoreThr	PkgTmp
-	-	1695	51.96	3266	3681	68	0	61
0	0	1641	43.79	3747	3686	60	0	61
4	1	1558	42.16	3695	3686	62	0
8	6	1670	48.58	3437	3686	64	0
9	7	1676	48.72	3439	3686	66	0
10	8	1666	48.45	3439	3686	66	0
11	9	1670	48.61	3436	3686	66	0
12	10	1644	47.18	3485	3686	68	0
13	11	1689	48.50	3483	3686	68	0
14	12	1678	48.12	3487	3686	68	0
15	13	1671	48.02	3481	3686	68	0
16	2	1626	43.23	3762	3686	64	0
20	3	1556	41.99	3705	3686	60	0
24	4	1546	41.93	3686	3686	60	0
28	5	1549	41.92	3695	3686	60	0
32	14	2201	96.89	2272	3686	57	0
33	15	2110	93.22	2264	3686	57	0
Core	CPU	Avg_MHz	Busy%	Bzy_MHz	TSC_MHz	CoreTmp	CoreThr	PkgTmp
-	-	1718	52.48	3269	3691	68	0	65
0	0	1632	44.00	3709	3686	64	0	65
4	1	1636	44.13	3707	3686	64	0
8	6	1679	48.53	3460	3686	66	0
9	7	1684	48.63	3463	3686	66	0
10	8	1699	49.02	3465	3686	66	0
11	9	1677	48.45	3461	3686	68	0
12	10	1666	48.71	3419	3686	66	0
13	11	1672	48.90	3419	3686	66	0
14	12	1666	48.67	3424	3686	66	0
15	13	1673	48.89	3422	3686	66	0
16	2	1672	44.67	3744	3686	64	0
20	3	1650	43.94	3754	3686	62	0
24	4	1616	43.65	3701	3686	60	0
28	5	1571	42.76	3674	3686	60	0
32	14	2043	89.85	2274	3686	57	0
33	15	2210	96.95	2279	3686	57	0
Core	CPU	Avg_MHz	Busy%	Bzy_MHz	TSC_MHz	CoreTmp	CoreThr	PkgTmp
-	-	1716	52.09	3289	3691	64	0	67
0	0	1654	44.39	3726	3686	64	0	67
4	1	1607	43.35	3706	3686	62	0
8	6	1684	48.73	3455	3686	64	0
9	7	1704	49.23	3462	3686	64	0
10	8	1680	48.65	3454	3686	64	0
11	9	1681	48.64	3455	3686	64	0
12	10	1678	47.88	3505	3686	62	0
13	11	1673	47.77	3501	3686	62	0
14	12	1684	48.04	3505	3686	62	0
15	13	1687	48.11	3508	3686	62	0
16	2	1724	44.94	3836	3686	62	0
20	3	1550	42.03	3687	3686	62	0
24	4	1566	42.41	3692	3686	60	0
28	5	1571	42.59	3688	3686	60	0
32	14	2053	89.94	2283	3686	57	0
33	15	2219	96.93	2289	3686	57	0
Core	CPU	Avg_MHz	Busy%	Bzy_MHz	TSC_MHz	CoreTmp	CoreThr	PkgTmp
-	-	1724	52.85	3265	3682	66	0	64
0	0	1740	46.16	3770	3686	64	0	64
4	1	1560	42.34	3684	3686	64	0
8	6	1640	47.86	3426	3686	66	0
9	7	1668	48.72	3423	3686	66	0
10	8	1684	49.13	3427	3686	66	0
11	9	1745	50.52	3453	3686	66	0
12	10	1648	48.19	3420	3686	66	0
13	11	1658	48.66	3406	3686	66	0
14	12	1666	48.95	3402	3686	66	0
15	13	1805	52.16	3461	3686	66	0
16	2	1723	45.38	3796	3686	64	0
20	3	1603	43.33	3700	3686	62	0
24	4	1582	42.81	3696	3686	62	0
28	5	1550	42.05	3686	3686	62	0
32	14	2126	92.84	2290	3686	58	0
33	15	2214	96.45	2296	3686	58	0
Core	CPU	Avg_MHz	Busy%	Bzy_MHz	TSC_MHz	CoreTmp	CoreThr	PkgTmp
-	-	1633	50.16	3263	3679	66	0	62
0	0	1610	42.63	3776	3686	62	0	62
4	1	1543	41.22	3744	3686	60	0
8	6	1585	46.19	3430	3686	62	0
9	7	1587	46.19	3435	3686	62	0
10	8	1547	45.22	3421	3686	62	0
11	9	1609	46.85	3433	3686	64	0
12	10	1615	46.32	3487	3686	66	0
13	11	1572	45.01	3493	3686	64	0
14	12	1638	46.93	3490	3686	66	0
15	13	1576	45.37	3473	3686	66	0
16	2	1523	40.88	3725	3686	64	0
20	3	1479	39.97	3701	3686	62	0
24	4	1471	39.78	3699	3686	62	0
28	5	1482	40.00	3706	3686	62	0
32	14	2167	94.62	2290	3686	58	0
33	15	2181	95.17	2292	3686	58	0
Core	CPU	Avg_MHz	Busy%	Bzy_MHz	TSC_MHz	CoreTmp	CoreThr	PkgTmp
-	-	1635	49.38	3244	3763	64	0	66
0	0	1783	46.72	3816	3686	64	0	66
4	1	1554	41.68	3728	3686	58	0
8	6	1620	47.96	3378	3686	60	0
9	7	1591	46.94	3389	3686	60	0
10	8	1632	48.26	3381	3686	60	0
11	9	1575	46.32	3401	3686	60	0
12	10	1539	45.72	3367	3686	60	0
13	11	1539	45.73	3365	3686	60	0
14	12	1494	44.62	3348	3686	60	0
15	13	1536	45.83	3352	3686	60	0
16	2	1500	40.50	3705	3686	60	0
20	3	1411	38.14	3699	3686	62	0
24	4	1409	38.24	3684	3686	60	0
28	5	1371	37.33	3672	3686	60	0
32	14	2056	89.42	2300	3686	56	0
33	15	2015	87.72	2298	3686	56	0
