Core	CPU	Avg_MHz	Busy%	Bzy_MHz	TSC_MHz	CoreTmp	CoreThr	PkgTmp
-	-	1166	35.99	3245	3678	64	0	63
0	0	1182	31.43	3762	3686	64	0	63
4	1	1133	30.48	3717	3686	62	0
8	6	1130	33.20	3404	3686	64	0
9	7	1136	33.24	3416	3686	64	0
10	8	1173	34.13	3436	3686	64	0
11	9	1127	33.02	3413	3686	62	0
12	10	1135	33.72	3365	3686	62	0
13	11	1207	35.23	3425	3686	62	0
14	12	1153	34.05	3387	3686	62	0
15	13	1126	33.50	3361	3686	62	0
16	2	1060	28.79	3683	3686	62	0
20	3	1092	29.76	3669	3686	62	0
24	4	1049	28.62	3666	3686	60	0
28	5	1112	29.85	3727	3686	60	0
32	14	1389	61.40	2263	3686	58	0
33	15	1485	65.36	2272	3686	58	0
Core	CPU	Avg_MHz	Busy%	Bzy_MHz	TSC_MHz	CoreTmp	CoreThr	PkgTmp
-	-	1712	52.38	3269	3687	68	0	67
0	0	1774	46.99	3776	3686	66	0	67
4	1	1633	43.00	3799	3686	64	0
8	6	1678	48.13	3487	3686	68	0
9	7	1689	48.57	3478	3686	68	0
10	8	1685	48.45	3478	3686	68	0
11	9	1696	48.73	3480	3686	68	0
12	10	1688	49.57	3405	3686	68	0
13	11	1667	49.04	3400	3686	68	0
14	12	1677	49.30	3401	3686	68	0
15	13	1681	49.35	3406	3686	68	0
16	2	1577	42.79	3686	3686	64	0
20	3	1574	42.74	3683	3686	62	0
24	4	1574	42.72	3684	3686	62	0
28	5	1551	42.18	3676	3686	62	0
32	14	2039	89.67	2274	3686	58	0
33	15	2210	96.91	2281	3686	58	0
Core	CPU	Avg_MHz	Busy%	Bzy_MHz	TSC_MHz	CoreTmp	CoreThr	PkgTmp
-	-	1685	52.01	3247	3679	68	0	63
0	0	1590	42.73	3722	3686	62	0	63
4	1	1711	44.45	3849	3686	62	0
8	6	1636	47.98	3409	3686	62	0
9	7	1617	47.36	3414	3686	64	0
10	8	1667	48.79	3417	3686	64	0
11	9	1659	48.62	3413	3686	66	0
12	10	1655	48.74	3396	3686	66	0
13	11	1645	48.51	3391	3686	66	0
14	12	1660	48.92	3392	3686	68	0
15	13	1663	48.99	3394	3686	68	0
16	2	1588	42.78	3713	3686	64	0
20	3	1549	41.80	3704	3686	64	0
24	4	1566	42.26	3706	3686	60	0
28	5	1549	41.82	3704	3686	62	0
32	14	2075	91.76	2261	3686	58	0
33	15	2187	96.43	2268	3686	58	0
Core	CPU	Avg_MHz	Busy%	Bzy_MHz	TSC_MHz	CoreTmp	CoreThr	PkgTmp
-	-	1722	52.40	3282	3691	70	0	69
0	0	1696	45.23	3749	3686	64	0	69
4	1	1730	45.10	3836	3686	64	0
8	6	1686	48.64	3467	3686	70	0
9	7	1691	49.02	3450	3686	70	0
10	8	1705	49.28	3461	3686	70	0
11	9	1703	49.23	3459	3686	70	0
12	10	1677	48.58	3451	3686	68	0
13	11	1686	48.77	3457	3686	68	0
14	12	1694	49.02	3455	3686	68	0
15	13	1675	48.59	3447	3686	68	0
16	2	1575	42.48	3708	3686	64	0
20	3	1561	42.10	3708	3686	62	0
24	4	1549	41.87	3701	3686	62	0
28	5	1608	43.29	3716	3686	62	0
32	14	2055	90.15	2280	3686	58	0
33	15	2225	97.25	2288	3686	59	0
Core	CPU	Avg_MHz	Busy%	Bzy_MHz	TSC_MHz	CoreTmp	CoreThr	PkgTmp
-	-	1707	52.01	3278	3690	68	0	67
0	0	1753	46.38	3779	3686	66	0	67
4	1	1723	44.78	3847	3686	64	0
8	6	1694	49.62	3414	3686	68	0
9	7	1682	49.44	3403	3686	68	0
10	8	1669	49.00	3406	3686	68	0
11	9	1683	49.30	3413	3686	68	0
12	10	1657	47.70	3474	3686	68	0
13	11	1662	48.04	3459	3686	68	0
14	12	1677	48.48	3459	3686	68	0
15	13	1685	48.55	3471	3686	68	0
16	2	1541	41.65	3701	3686	66	0
20	3	1567	42.29	3705	3686	64	0
24	4	1557	42.04	3703	3686	62	0
28	5	1568	42.25	3712	3686	62	0
32	14	1959	86.04	2277	3686	59	0
33	15	2207	96.72	2282	3686	58	0
Core	CPU	Avg_MHz	Busy%	Bzy_MHz	TSC_MHz	CoreTmp	CoreThr	PkgTmp
-	-	1696	51.83	3275	3682	70	0	65
0	0	1652	44.10	3747	3686	64	0	65
4	1	1702	44.44	3829	3686	64	0
8	6	1655	47.73	3467	3686	66	0
9	7	1679	48.47	3465	3686	66	0
10	8	1674	48.26	3469	3686	70	0
11	9	1674	48.22	3472	3686	70	0
12	10	1681	48.84	3441	3686	64	0
13	11	1674	48.65	3441	3686	64	0
14	12	1664	48.46	3433	3686	64	0
15	13	1675	48.76	3435	3686	64	0
16	2	1555	41.96	3707	3686	64	0
20	3	1532	41.22	3716	3686	62	0
24	4	1562	42.06	3713	3686	62	0
28	5	1581	42.64	3707	3686	62	0
32	14	2039	89.93	2267	3686	59	0
33	15	2166	95.47	2268	3686	59	0
Core	CPU	Avg_MHz	Busy%	Bzy_MHz	TSC_MHz	CoreTmp	CoreThr	PkgTmp
-	-	1603	48.06	3284	3745	68	0	68
0	0	1498	40.35	3712	3686	62	0	68
4	1	1757	45.08	3897	3686	68	0
8	6	1609	46.31	3474	3686	60	0
9	7	1588	45.47	3492	3686	60	0
10	8	1517	44.15	3436	3686	62	0
11	9	1473	43.14	3414	3686	62	0
12	10	1486	42.66	3483	3686	62	0
13	11	1524	43.61	3494	3686	62	0
14	12	1495	42.92	3483	3686	62	0
15	13	1512	43.35	3488	3686	62	0
16	2	1446	39.18	3690	3686	62	0
20	3	1415	38.33	3692	3686	62	0
24	4	1427	38.35	3721	3686	60	0
28	5	1463	39.57	3697	3686	60	0
32	14	1982	87.08	2276	3686	57	0
33	15	2062	90.35	2282	3686	57	0
