Core	CPU	Avg_MHz	Busy%	Bzy_MHz	TSC_MHz	CoreTmp	CoreThr	PkgTmp
-	-	1238	37.68	3299	3673	70	0	68
0	0	1250	33.24	3762	3686	68	0	68
4	1	1148	31.02	3700	3686	68	0
8	6	1220	34.83	3503	3686	70	0
9	7	1236	35.20	3511	3686	70	0
10	8	1210	34.61	3496	3686	70	0
11	9	1222	34.91	3499	3686	70	0
12	10	1225	35.16	3483	3686	70	0
13	11	1221	35.06	3482	3686	70	0
14	12	1248	35.65	3501	3686	70	0
15	13	1198	34.46	3475	3686	68	0
16	2	1204	31.79	3787	3686	66	0
20	3	1145	30.71	3731	3686	66	0
24	4	1149	30.84	3725	3686	66	0
28	5	1163	31.37	3709	3686	66	0
32	14	1458	64.13	2274	3686	62	0
33	15	1587	69.65	2278	3686	61	0
Core	CPU	Avg_MHz	Busy%	Bzy_MHz	TSC_MHz	CoreTmp	CoreThr	PkgTmp
-	-	1723	53.27	3230	3691	70	0	72
0	0	1636	44.59	3669	3686	68	0	72
4	1	1566	42.99	3643	3686	66	0
8	6	1689	50.29	3360	3686	70	0
9	7	1713	50.79	3373	3686	70	0
10	8	1701	50.58	3364	3686	70	0
11	9	1676	49.88	3359	3686	70	0
12	10	1693	50.28	3368	3686	66	0
13	11	1679	49.92	3364	3686	66	0
14	12	1689	50.18	3366	3686	66	0
15	13	1667	49.58	3362	3686	66	0
16	2	1738	45.90	3787	3686	66	0
20	3	1539	42.36	3634	3686	66	0
24	4	1596	43.65	3656	3686	66	0
28	5	1672	45.50	3675	3686	64	0
32	14	2049	89.24	2296	3686	62	0
33	15	2225	96.66	2302	3686	62	0
Core	CPU	Avg_MHz	Busy%	Bzy_MHz	TSC_MHz	CoreTmp	CoreThr	PkgTmp
-	-	1708	52.97	3227	3682	72	0	68
0	0	1731	46.16	3750	3686	68	0	68
4	1	1534	42.03	3650	3686	66	0
8	6	1659	48.83	3397	3686	70	0
9	7	1684	49.51	3401	3686	70	0
10	8	1674	49.28	3397	3686	72	0
11	9	1688	49.67	3399	3686	72	0
12	10	1674	49.88	3357	3686	70	0
13	11	1671	49.82	3354	3686	70	0
14	12	1677	49.96	3356	3686	70	0
15	13	1678	50.00	3355	3686	70	0
16	2	1634	44.18	3699	3686	66	0
20	3	1574	42.77	3681	3686	66	0
24	4	1590	43.19	3681	3686	66	0
28	5	1599	43.48	3677	3686	64	0
32	14	2109	92.94	2269	3686	62	0
33	15	2175	95.69	2273	3686	62	0
Core	CPU	Avg_MHz	Busy%	Bzy_MHz	TSC_MHz	CoreTmp	CoreThr	PkgTmp
-	-	1720	52.97	3244	3691	70	0	66
0	0	1753	47.07	3725	3686	66	0	66
4	1	1728	45.98	3758	3686	66	0
8	6	1727	50.27	3436	3686	68	0
9	7	1648	48.49	3398	3686	68	0
10	8	1687	49.52	3408	3686	70	0
11	9	1774	51.66	3434	3686	70	0
12	10	1646	48.32	3406	3686	70	0
13	11	1656	48.73	3397	3686	70	0
14	12	1653	48.47	3411	3686	70	0
15	13	1664	48.81	3410	3686	70	0
16	2	1560	42.77	3648	3686	68	0
20	3	1557	42.59	3657	3686	68	0
24	4	1578	43.09	3663	3686	66	0
28	5	1566	42.96	3646	3686	66	0
32	14	2128	93.60	2273	3686	63	0
33	15	2167	95.27	2275	3686	63	0
Core	CPU	Avg_MHz	Busy%	Bzy_MHz	TSC_MHz	CoreTmp	CoreThr	PkgTmp
-	-	1705	52.66	3245	3678	70	0	67
0	0	1669	44.59	3742	3686	66	0	67
4	1	1707	45.04	3790	3686	66	0
8	6	1687	49.76	3390	3686	68	0
9	7	1643	48.52	3387	3686	70	0
10	8	1681	49.57	3391	3686	70	0
11	9	1674	49.47	3384	3686	70	0
12	10	1665	48.60	3426	3686	70	0
13	11	1658	48.56	3415	3686	70	0
14	12	1670	48.79	3422	3686	70	0
15	13	1661	48.63	3414	3686	70	0
16	2	1625	44.13	3683	3686	68	0
20	3	1529	41.79	3658	3686	66	0
24	4	1602	43.52	3680	3686	64	0
28	5	1578	43.00	3671	3686	64	0
32	14	2080	91.51	2273	3686	62	0
33	15	2209	96.95	2278	3686	62	0
Core	CPU	Avg_MHz	Busy%	Bzy_MHz	TSC_MHz	CoreTmp	CoreThr	PkgTmp
-	-	1691	52.25	3246	3676	68	0	67
0	0	1680	45.03	3730	3686	66	0	67
4	1	1736	46.04	3771	3686	66	0
8	6	1690	49.36	3423	3686	66	0
9	7	1614	46.78	3450	3686	66	0
10	8	1652	48.28	3421	3686	66	0
11	9	1665	48.61	3424	3686	66	0
12	10	1636	48.30	3386	3686	66	0
13	11	1652	48.68	3394	3686	66	0
14	12	1632	48.13	3391	3686	66	0
15	13	1650	48.70	3389	3686	66	0
16	2	1567	42.41	3695	3686	66	0
20	3	1546	42.23	3662	3686	66	0
24	4	1615	43.89	3679	3686	66	0
28	5	1524	41.51	3671	3686	68	0
32	14	2173	95.50	2275	3686	63	0
33	15	2099	92.27	2275	3686	62	0
Core	CPU	Avg_MHz	Busy%	Bzy_MHz	TSC_MHz	CoreTmp	CoreThr	PkgTmp
-	-	1694	49.77	3238	3876	84	0	83
0	0	2112	53.86	3921	3686	70	0	83
4	1	1737	45.24	3839	3686	64	0
8	6	1162	36.72	3163	3686	66	0
9	7	1350	41.75	3232	3686	64	0
10	8	1380	42.65	3236	3686	64	0
11	9	1353	42.03	3219	3686	64	0
12	10	1378	45.36	3038	3686	64	0
13	11	1380	45.54	3031	3686	64	0
14	12	1392	45.80	3039	3686	66	0
15	13	1328	44.19	3006	3686	66	0
16	2	1546	41.43	3731	3686	66	0
20	3	1264	34.18	3699	3686	68	0
24	4	1812	45.39	3993	3686	64	0
28	5	3248	77.17	4209	3686	84	0
32	14	1619	75.22	2153	3686	60	0
33	15	1798	83.77	2146	3686	60	0
